Orange 0.0 329.71682400000003 31.36 383.495784
Orange 0.0 495.53528400000005 55.04 565.9605
Orange 0.0 617.178654 61.44 677.359968
Orange 0.0 383.495784 72.96 434.71393800000004
Orange 2.56 435.994002 41.6 485.93209199999995
Orange 11.52 269.53551 74.24 313.070568
Orange 15.36 186.946296 82.56 222.158904
Orange 27.52 423.189972 106.24 498.09608999999995
Orange 33.92 560.83821 106.24 623.581008
Orange 39.04 333.558372 108.8 408.46448999999996
Orange 45.44 314.35130999999996 88.96 349.56391799999994
Orange 58.88 487.212156 129.28 565.9605
Orange 58.88 613.337106 136.32 668.3968080000001
Orange 69.12 160.69684800000002 110.08 199.751004
Orange 86.4 377.09343 152.96 430.87239
Orange 92.8 195.90945599999998 137.6 239.444514
Orange 100.48 320.753664 156.8 373.25188199999997
Orange 106.24 553.155792 167.68 619.73946
Orange 108.8 430.87239 179.2 491.05370400000004
Orange 129.28 172.220814 155.52 199.751004
Orange 132.48 364.288722 184.96 412.306038
Orange 140.16 605.654688 206.72 660.713712
Orange 145.28 274.657122 188.8 324.595212
Orange 147.84 474.40812600000004 204.16 534.58944
Orange 149.12 199.751004 187.52 242.005998
Orange 161.28 314.35130999999996 222.72 365.569464
Orange 168.96 540.991794 238.72 604.3739459999999
Orange 171.52 420.629166 231.68 478.248996
Orange 175.36 176.062362 200.32 208.07345400000003
Orange 199.04 211.915002 235.52 238.16445000000002
Orange 200.32 585.807594 261.76 660.713712
Orange 204.16 462.24345 267.52 523.065474
Orange 208.0 294.504216 257.92 325.875276
Orange 211.2 190.78784399999998 235.52 206.79339000000002
Orange 216.32 375.812688 263.68 424.470036
Orange 226.56 316.912116 273.92 373.25188199999997
Orange 230.4 412.306038 289.92 466.084998
Orange 234.24 530.747892 309.12 604.3739459999999
Orange 247.68 211.915002 285.44 235.60364399999997
Orange 250.24 190.78784399999998 277.76 199.751004
Orange 259.2 286.821798 298.88 325.875276
Orange 273.92 459.682644 326.4 510.900798
Orange 275.2 377.09343 312.96 412.306038
Orange 277.76 300.90657 312.96 365.569464
Orange 279.04 569.80137 328.96 640.866618
Orange 291.2 210.63426 336.64 249.688416
Orange 293.76 412.306038 342.4 455.84109600000005
Orange 298.88 523.065474 365.44 584.526852
Orange 301.44 293.223474 344.96 313.070568
Orange 312.96 239.444514 372.48 278.49867
Orange 330.24 380.934978 373.76 414.866844
Orange 330.24 325.875276 380.16 384.77652600000005
Orange 330.24 462.24345 389.12 514.742346
Orange 332.8 574.2836279999999 392.96 621.019524
Orange 342.4 210.63426 392.96 249.688416
Orange 350.08 416.787618 396.16 459.682644
Orange 352.64 281.059476 396.16 322.033728
Orange 360.32 509.620056 415.36 572.362854
Orange 372.48 243.28606200000002 405.12 281.059476
Orange 381.44 373.25188199999997 412.8 414.866844
Orange 385.28 455.84109600000005 432.64 507.05924999999996
Orange 391.68 273.377058 442.88 322.033728
Orange 393.6 407.184426 451.84 474.40812600000004
Orange 397.44 210.63426 442.88 242.005998
Orange 419.2 336.119178 455.04 380.934978
Orange 421.12 239.444514 460.16 297.065022
Orange 432.64 458.40258 462.72 479.529738
Orange 436.48 375.812688 480.0 424.470036
Orange 447.36 269.53551 490.24 304.74811800000003
Orange 458.88 411.02529599999997 506.24 450.71948399999997
Orange 460.16 345.72237 503.68 388.617396
Orange 491.52 377.09343 519.04 428.311584
Orange 766.08 300.90657 810.24 332.27763
Orange 775.04 333.558372 806.4 371.971818
Orange 785.28 357.24633600000004 826.24 393.098976
Orange 802.56 332.27763 840.96 361.087884
Orange 817.28 298.345764 856.32 338.039952
Orange 817.28 388.617396 856.32 416.787618
Orange 826.24 357.24633600000004 860.16 404.622942
Orange 849.92 368.13027 896.0 393.098976
Orange 853.76 345.72237 876.16 373.25188199999997
Orange 856.32 391.81891199999995 892.16 420.629166
Orange 860.16 314.35130999999996 887.68 355.966272
