Orange 8.799744 760.000512 79.19999999999999 846.400512
Orange 46.400256 670.400512 92.000256 705.599488
Orange 70.400256 740.799488 84.800256 756.799488
Orange 81.6 760.000512 93.6 770.400256
Orange 92.000256 790.4 108.0 805.600256
Orange 100.80000000000001 748.000256 118.400256 767.200256
Orange 144.800256 740.799488 164.000256 752.799744
Orange 155.199744 746.399744 171.200256 767.200256
Orange 169.599744 654.400512 193.599744 673.599488
Orange 172.8 758.4 192.0 774.4
Orange 195.999744 790.4 204.800256 800.799744
Orange 204.800256 635.200512 225.60000000000002 652.8
Orange 206.39999999999998 786.400256 219.999744 802.400256
Orange 206.39999999999998 615.999488 225.60000000000002 629.600256
Orange 252.0 840.800256 262.400256 855.199744
Orange 257.600256 659.999744 269.600256 673.599488
Orange 267.99974399999996 828.8 278.4 839.199744
Orange 276.800256 840.800256 290.4 855.199744
Orange 285.6 664.800256 299.199744 675.999744
Orange 287.199744 800.799744 299.199744 812.8
Orange 288.800256 740.799488 299.199744 752.799744
Orange 292.79999999999995 583.999488 303.20025599999997 596.799488
Orange 292.79999999999995 795.200512 304.79999999999995 803.999744
Orange 303.20025599999997 728.800256 332.79974400000003 772.799488
Orange 308.00025600000004 598.4 324.0 624.799744
Orange 308.00025600000004 645.600256 331.20000000000005 663.199744
Orange 313.599744 818.400256 322.400256 827.200512
Orange 368.00025600000004 624.799744 389.60025599999994 645.600256
Orange 373.599744 779.200512 384.0 793.6
Orange 403.20000000000005 517.600256 424.79999999999995 535.199744
Orange 404.799744 664.800256 428.00025600000004 679.199744
Orange 420.800256 680.800256 438.39974400000006 702.400512
Orange 428.00025600000004 476.8 444.0 497.600512
Orange 440.00025600000004 649.6 461.60025599999994 668.8
Orange 454.400256 677.600256 468.800256 693.600256
