Apple 0.0 266.536652 17.28 291.524207
Apple 0.0 285.116984 17.28 313.949146
Apple 0.0 199.90248900000003 19.84 251.15959
Apple 0.0 73.68204 26.88 106.358126
Apple 0.0 78.807955 134.4 212.716935
Apple 0.64 161.459834 8.32 191.573304
Apple 0.64 272.943875 158.08 450.421425
Apple 72.32 282.554368 296.96 479.253587
Apple 87.04 173.63294299999998 278.4 294.087506
Apple 210.56 190.291996 430.72 358.79902400000003
Apple 266.88 319.075061 484.48 512.570327
Apple 336.0 107.639434 509.44 267.81796
Apple 339.84 329.326208 424.32 396.60102500000005
Apple 410.88 183.884773 732.16 404.289556
Apple 430.72 333.811469 656.64 543.965105
Apple 530.56 116.609956 803.2 302.41669099999996
Apple 632.96 0.0 825.6 42.287262
Apple 650.88 346.62591499999996 899.2 593.940898
Apple 759.68 231.29726699999998 974.08 442.732894
Apple 860.8 287.680283 1023.36 624.054368
