Orange 39.68 500.480256 131.2 597.12
Orange 69.12 449.91974400000004 202.24 581.1202559999999
Orange 112.64 275.840256 202.24 398.72025600000006
Orange 151.04 369.279744 281.6 492.800256
Orange 160.0 587.52 234.24 682.880256
Orange 182.4 291.20025599999997 257.92 377.600256
Orange 227.84 591.999744 314.88 686.7202560000001
Orange 238.08 655.359744 366.72 750.72
Orange 267.52 334.08 345.6 417.27974399999994
Orange 267.52 422.40000000000003 366.72 525.440256
Orange 334.72 494.079744 420.48 588.800256
Orange 392.96 311.04 484.48 405.12
Orange 394.24 611.840256 477.44 706.5600000000001
Orange 421.76 508.160256 517.12 595.839744
Orange 544.0 504.320256 684.16 647.04
Orange 599.68 375.680256 741.76 515.840256
Orange 672.0 543.999744 838.4 704.000256
