Apple 0.0 508.99968 49.999872 561.000192
Apple 0.0 559.00032 193.999872 611.000064
Apple 28.99968 657.000192 62.999552 670.0001279999999
Apple 53.999616 517.9998720000001 206.999552 555.999744
Apple 62.000128 652.99968 85.000192 661.9998720000001
Apple 85.999616 658.0001279999999 97.000448 668.000256
Apple 88.000512 556.99968 131.00032 589.9998720000001
Apple 179.999744 560.000256 366.999552 601.9998720000001
Apple 206.000128 514.0001279999999 360.999936 550.0001279999999
Apple 236.99968 648.999936 261.999616 657.000192
Apple 272.0 645.000192 307.00032 655.00032
Apple 362.999808 502.00012799999996 494.000128 595.00032
Apple 439.000064 638.999808 453.999616 648.999936
Apple 458.999808 636.999936 471.000064 645.000192
Apple 471.000064 635.000064 494.000128 647.000064
Apple 844.000256 649.9998720000001 862.000128 668.000256
Apple 862.999552 528.999936 1022.999552 652.99968
Apple 864.0 661.9998720000001 874.999808 673.9998720000001
Apple 997.999616 743.000064 1022.999552 760.99968
