Orange 94.400512 16.0 244.800512 140.8
Orange 248.000512 156.8 289.600512 216.000512
Orange 272.0 155.199488 312.000512 203.199488
Orange 272.0 270.399488 318.399488 331.200512
Orange 310.4 179.2 359.999488 227.2
Orange 348.8 129.600512 377.6 171.199488
Orange 361.6 374.4 384.0 432.0
Orange 361.6 334.399488 411.200512 393.6
Orange 377.6 203.199488 403.2 265.6
Orange 380.8 116.800512 408.000512 171.199488
Orange 403.2 209.600512 438.4 276.799488
Orange 519.999488 455.999488 547.2 499.2
Orange 583.999488 540.8 638.400512 611.2
Orange 617.6 916.799488 697.6 992.0
Orange 633.6 814.400512 697.6 910.400512
Orange 638.400512 743.999488 692.799488 807.999488
Orange 670.400512 574.400512 756.799488 657.599488
Orange 713.6 684.8 756.799488 780.8
Orange 720.0 905.6 779.200512 998.4
Orange 800.0 0.0 883.2 70.4
Orange 843.200512 363.200512 897.599488 401.600512
Orange 905.6 249.6 974.400512 336.0
