Orange 4.48 483.435275 23.68 498.802725
Orange 4.48 455.261425 24.96 483.435275
Orange 4.48 436.05240000000003 35.84 463.5857
Orange 24.96 458.463025 53.12 497.5222
Orange 28.16 418.763875 44.8 451.41985000000005
Orange 60.8 510.968575 84.48 532.739225
Orange 63.36 532.739225 76.16 548.7472250000001
Orange 68.48 426.44759999999997 79.36 447.5777
Orange 68.48 407.238575 96.0 434.771875
Orange 90.88 459.744125 114.56 487.27742500000005
Orange 112.0 517.3717750000001 122.24 538.50245
Orange 122.24 471.26942499999996 145.92 491.11899999999997
Orange 129.92 532.739225 154.88 548.7472250000001
Orange 129.92 453.9809 159.36 478.95315
Orange 135.68 493.68062499999996 170.88 518.6523
Orange 147.2 466.14675 174.72 494.96115
Orange 154.88 513.5302 210.56 544.905075
Orange 161.92 553.8699 193.28 569.877325
Orange 185.6 481.5142 220.8 502.64487499999996
Orange 185.6 462.30517499999996 222.08 478.95315
Orange 197.12 552.589375 238.08 573.719475
Orange 204.8 497.5222 232.32 534.01975
Orange 232.32 466.14675 256.0 489.838475
Orange 249.6 506.48645 283.52 538.50245
Orange 256.0 473.83047500000004 289.28 501.36435
Orange 261.12 534.01975 291.84 564.755225
Orange 287.36 541.0635 319.36 574.35945
Orange 289.28 494.96115 311.04 521.213925
Orange 307.2 475.111575 334.72 506.48645
Orange 316.8 506.48645 346.88 532.739225
Orange 319.36 534.01975 348.16 569.877325
Orange 346.88 489.838475 374.4 514.8107249999999
Orange 379.52 467.42785000000003 403.2 505.20592500000004
Orange 391.04 506.48645 418.56 538.50245
Orange 417.28 525.0554999999999 449.28 548.7472250000001
Orange 421.76 481.5142 458.24 517.3717750000001
Orange 426.88 550.02775 468.48 569.877325
Orange 440.96 467.42785000000003 472.96 501.36435
Orange 460.8 526.3360250000001 497.28 556.4309499999999
Orange 469.76 467.42785000000003 504.32 491.11899999999997
Orange 474.24 491.11899999999997 513.28 517.3717750000001
Orange 493.44 552.589375 519.68 569.877325
Orange 501.76 451.41985000000005 517.12 467.42785000000003
Orange 504.32 473.83047500000004 540.8 497.5222
Orange 505.6 532.739225 544.64 562.1936000000001
Orange 515.84 501.36435 548.48 534.01975
Orange 533.12 553.8699 576.0 573.719475
Orange 535.68 522.49445 572.16 550.02775
Orange 543.36 458.463025 580.48 491.11899999999997
Orange 547.2 481.5142 580.48 513.5302
Orange 555.52 546.1861749999999 592.0 569.877325
Orange 580.48 522.49445 618.24 544.905075
Orange 583.04 485.9969 610.56 525.0554999999999
Orange 583.04 458.463025 618.24 478.95315
Orange 592.0 542.344025 647.04 564.755225
Orange 611.84 478.95315 639.36 510.968575
Orange 611.84 509.68805000000003 641.92 546.1861749999999
Orange 618.24 459.744125 641.92 485.9969
Orange 641.92 534.01975 669.44 556.4309499999999
Orange 645.76 477.672625 682.88 510.968575
Orange 678.4 473.83047500000004 718.08 497.5222
Orange 704.64 434.771875 744.32 466.14675
Orange 728.32 446.297175 759.68 471.26942499999996
Orange 749.44 411.7207 811.52 459.103575
Orange 765.44 463.5857 803.2 477.672625
Orange 807.04 455.261425 846.72 483.435275
Orange 832.0 432.21025 870.4 462.30517499999996
