Orange 0.0 159.35999999999999 33.28 218.88
Orange 8.32 615.680256 48.0 648.320256
Orange 9.6 164.480256 75.52 246.399744
Orange 21.12 485.76 60.8 528.0
Orange 35.84 644.480256 60.8 675.2002560000001
Orange 37.12 702.72 84.48 754.5600000000001
Orange 48.0 440.96025599999996 88.96 474.24
Orange 79.36 723.84 108.8 754.5600000000001
Orange 84.48 29.439743999999997 178.56 112.640256
Orange 91.52 373.760256 132.48 413.43974399999996
Orange 95.36 501.75974400000007 127.36 529.280256
Orange 107.52 456.96 135.04 485.76
Orange 120.32 576.0 154.88 624.639744
Orange 120.32 275.840256 162.56 311.04
Orange 135.04 413.43974399999996 158.72 428.799744
Orange 136.32 369.279744 172.16 410.24025599999993
Orange 238.08 0.0 345.6 81.279744
Orange 270.08 381.44025600000003 298.88 422.40000000000003
Orange 286.08 500.480256 325.76 549.12
Orange 291.2 45.440256 400.64 140.799744
Orange 307.2 370.56 329.6 413.43974399999996
Orange 330.88 361.599744 378.24 426.24
Orange 337.28 424.959744 374.4 468.48
Orange 354.56 468.48 400.64 505.599744
Orange 373.12 236.16 441.6 295.68
Orange 405.12 563.840256 424.96 587.52
Orange 440.32 424.959744 473.6 468.48
Orange 441.6 584.960256 468.48 611.840256
Orange 464.64 659.199744 505.6 718.719744
Orange 485.76 726.399744 513.28 763.520256
Orange 520.96 456.96 549.12 485.76
Orange 549.12 492.800256 588.8 525.440256
Orange 552.96 446.079744 595.2 501.75974400000007
Orange 603.52 242.55974399999997 658.56 291.20025599999997
Orange 648.32 196.47974399999998 679.68 242.55974399999997
Orange 678.4 200.319744 722.56 242.55974399999997
Orange 691.84 246.399744 737.92 286.08
Orange 702.72 131.199744 762.24 190.719744
Orange 719.36 712.3199999999999 753.92 735.999744
Orange 730.24 262.400256 771.2 302.079744
Orange 747.52 236.16 777.6 263.679744
Orange 747.52 426.24 785.92 481.91999999999996
Orange 787.2 730.880256 825.6 759.680256
Orange 793.6 282.24 825.6 314.240256
Orange 801.92 556.160256 849.28 600.96
Orange 817.28 215.04000000000002 858.24 259.839744
Orange 830.72 259.839744 876.8 303.36
Orange 896.64 417.27974399999994 954.88 467.840256
Orange 928.64 224.000256 988.16 258.560256
Orange 936.32 184.32 980.48 242.55974399999997
