Orange 37.76 383.36 69.12 410.88
Orange 65.28 438.4 100.48 473.6
Orange 120.32 407.04 145.28 439.68
Orange 120.32 72.32 161.28 117.12
Orange 152.96 328.32 180.48 357.12
Orange 161.28 442.24 184.96 462.08
Orange 188.8 254.72 215.04 300.8
Orange 246.4 28.8 271.36 64.64
Orange 297.6 99.84 326.4 128.64
Orange 318.72 7.04 344.96 30.08
Orange 357.76 5.76 377.6 33.28
Orange 411.52 104.96 436.48 136.96
Orange 664.96 120.96 718.72 158.72
Orange 720.0 103.68 766.08 163.2
Orange 720.0 49.92 773.76 97.28
Orange 755.2 172.16 798.72 225.92
Orange 767.36 144.64 817.28 174.72
Orange 773.76 72.32 810.24 120.96
Orange 787.84 96.64 848.64 149.12
Orange 810.24 148.48 852.48 182.4
