Orange 147.2 243.2 252.8 339.2
Orange 148.800512 336.0 235.199488 427.200512
Orange 198.4 385.600512 318.399488 460.8
Orange 275.2 230.4 380.8 324.799488
Orange 291.2 51.2 425.6 144.0
Orange 316.8 280.000512 519.999488 494.399488
Orange 344.000512 97.599488 536.000512 291.2
Orange 390.4 702.400512 579.2 903.999488
Orange 577.599488 265.6 644.799488 366.399488
Orange 601.6 356.799488 812.8 556.8
Orange 604.8 155.199488 720.0 284.8
Orange 617.6 934.4 800.0 971.200512
Orange 659.2 284.8 740.799488 372.799488
Orange 824.000512 307.2 964.799488 494.399488
Orange 865.599488 716.8 992.0 961.599488
