Orange 120.96 148.479744 269.44 266.240256
Orange 197.76 553.599744 315.52 623.360256
Orange 204.8 83.840256 300.8 156.800256
Orange 209.92 224.000256 376.32 294.399744
Orange 305.28 553.599744 368.64 597.12
Orange 320.64 600.96 355.2 624.639744
Orange 332.8 207.999744 455.68 321.920256
Orange 360.32 553.599744 510.08 624.639744
Orange 430.72 206.720256 609.28 294.399744
Orange 466.56 111.35999999999999 593.28 200.319744
Orange 523.52 560.000256 686.08 639.36
Orange 570.88 151.040256 646.4 243.84
Orange 668.8 61.44 757.12 128.64000000000001
Orange 686.08 568.959744 768.0 616.959744
Orange 692.48 127.359744 776.96 186.879744
Orange 724.48 207.999744 856.32 311.04
Orange 749.44 101.12025600000001 844.8 164.480256
Orange 761.6 572.16 904.32 619.520256
Orange 789.12 143.360256 906.88 282.24
Orange 899.2 210.56025599999998 1022.72 320.00025600000004
