Orange 190.999552 255.999744 289.000448 374.99980800000003
Orange 202.999808 352.99968 346.000384 490.00012799999996
Orange 247.000064 139.00032000000002 327.999488 252.99993600000002
Orange 280.999936 240.0 353.999872 393.000192
Orange 295.999488 110.999808 382.000128 248.000256
Orange 309.000192 443.00006399999995 455.000064 578.999808
Orange 346.000384 340.99968 499.00032 480.0
Orange 348.000256 29.999616 513.999872 207.999744
Orange 357.999616 204.0 522.999808 337.999872
Orange 456.999936 410.999808 606.999552 564.0
Orange 483.00032 85.999872 629.000192 240.99993600000002
Orange 490.000384 236.000256 638.999552 372.99993600000005
Orange 570.999808 334.000128 728.000512 469.99987200000004
Orange 595.999744 122.999808 693.000192 267.99974399999996
Orange 631.000064 248.000256 755.00032 365.999616
