Orange 100.48 417.74465599999996 160.0 472.84636400000005
Orange 117.76 324.20097599999997 188.8 394.038409
Orange 133.76 237.70449 187.52 304.979307
Orange 151.68 386.349878 192.64 435.044363
Orange 155.52 446.576818 227.84 497.83391900000004
Orange 172.8 224.89004400000002 226.56 271.662567
Orange 172.8 296.650122 234.24 346.62591499999996
Orange 196.48 358.79902400000003 257.92 411.337433
Orange 216.32 269.099268 277.76 331.248853
Orange 220.16 403.00824800000004 297.6 466.43914099999995
Orange 235.52 472.84636400000005 282.88 488.86407999999994
Orange 250.24 304.979307 318.72 371.61346999999995
Orange 257.92 217.842167 326.4 287.680283
Orange 270.08 356.23640800000004 332.8 426.714495
Orange 281.6 433.76237199999997 342.4 496.552611
Orange 314.24 472.84636400000005 368.64 490.145388
Orange 321.28 340.21869200000003 360.32 399.16432399999997
Orange 322.56 230.01595899999998 381.44 303.69799900000004
Orange 334.08 301.135383 384.0 362.643631
Orange 340.48 422.87057100000004 415.36 480.534895
Orange 356.48 360.08101500000004 435.2 422.87057100000004
Orange 381.44 470.283065 440.32 493.989995
Orange 387.84 292.805515 439.04 360.08101500000004
Orange 391.68 224.89004400000002 464.0 295.368814
Orange 407.68 406.212201 478.72 485.01947299999995
Orange 439.04 344.062616 499.84 401.72694
Orange 440.32 186.447389 487.68 249.878282
Orange 452.48 295.368814 490.24 335.092777
Orange 478.72 301.135383 553.6 360.08101500000004
Orange 480.0 233.86056599999998 542.72 311.38653
Orange 486.4 379.942655 554.88 446.576818
Orange 487.68 442.732894 558.72 497.83391900000004
Orange 506.24 340.21869200000003 562.56 382.505271
Orange 617.6 397.883016 652.8 449.139434
Orange 617.6 328.685554 667.52 395.31971699999997
Orange 629.76 450.421425 663.68 525.384773
Orange 629.76 197.33987299999998 692.48 271.662567
Orange 632.32 269.099268 696.32 346.62591499999996
Orange 664.96 378.02069300000005 726.4 438.888287
Orange 664.96 442.732894 731.52 521.540166
Orange 687.36 315.230454 751.36 386.349878
Orange 708.48 253.72220599999997 763.52 303.69799900000004
Orange 727.68 454.265349 801.28 517.696242
Orange 734.72 285.116984 782.72 354.9551
Orange 747.52 228.734651 798.72 276.14714499999997
Orange 776.32 322.918985 839.04 393.39775499999996
Orange 785.28 260.129429 826.24 319.075061
Orange 793.6 452.984041 822.4 516.414934
Orange 797.44 383.787262 840.96 425.43318700000003
Orange 818.56 419.02596400000004 856.32 476.690288
Orange 821.12 197.33987299999998 880.0 261.410737
Orange 824.96 285.116984 872.32 346.62591499999996
Orange 836.48 454.265349 901.12 509.367057
Orange 849.92 346.62591499999996 896.0 394.038409
Orange 869.76 401.72694 916.48 446.576818
Orange 883.84 236.42318200000003 935.04 279.99175199999996
Orange 888.96 279.99175199999996 960.0 338.937384
Orange 903.68 331.248853 974.72 390.194485
Orange 908.8 461.313226 952.32 508.085066
Orange 912.64 374.17608600000005 978.56 449.139434
Orange 944.64 474.127672 1023.36 533.073304
Orange 966.4 332.530161 993.92 383.787262
Orange 967.68 441.45090300000004 1023.36 472.84636400000005
Orange 974.72 397.883016 1007.36 437.60697899999997
