Orange 0.0 773.881856 106.52064 932.37248
Orange 0.0 711.970816 118.90683999999999 808.551424
Orange 65.64652 617.867264 214.28024 766.451712
Orange 118.90683999999999 741.68832 246.48436 848.17408
Orange 231.62092 762.737664 403.78875999999997 937.325568
Orange 294.79019999999997 590.626816 359.19843999999995 663.681024
Orange 468.19700000000006 843.220992 562.3314399999999 975.710208
Orange 504.11664 655.012864 557.3769599999999 703.30368
Orange 516.50284 682.254336 569.7631600000001 776.357888
Orange 575.9566 659.965952 629.21692 687.2064
