Orange 227.84 624.054368 301.44 681.718692
Orange 254.08 565.108736 337.92 643.916691
Orange 291.2 490.145388 369.92 576.641874
Orange 301.44 611.880576 373.76 682.359346
Orange 325.12 437.60697899999997 408.96 513.851635
Orange 326.4 560.624158 407.68 642.635383
Orange 364.16 371.61346999999995 431.36 446.576818
Orange 364.16 496.552611 439.04 580.485798
Orange 377.6 627.898975 439.04 682.359346
Orange 391.68 307.541923 464.0 383.787262
Orange 400.0 433.76237199999997 482.56 508.085066
Orange 403.84 551.653636 482.56 631.742899
Orange 408.96 240.26710599999998 506.24 319.075061
Orange 432.64 370.332162 507.52 449.139434
Orange 444.16 631.742899 510.08 682.359346
Orange 447.36 493.989995 517.76 576.641874
Orange 448.64 178.758858 535.04 261.410737
Orange 478.72 304.979307 545.28 378.02069300000005
Orange 480.0 426.714495 546.56 509.367057
Orange 482.56 560.624158 561.28 643.916691
Orange 486.4 103.79551 570.24 185.166081
Orange 495.36 233.86056599999998 584.96 315.230454
Orange 515.2 367.769546 581.12 426.714495
Orange 519.04 496.552611 590.08 571.515959
Orange 527.36 635.587506 593.92 682.359346
Orange 531.2 43.56857 604.8 111.484041
Orange 533.76 166.585066 606.08 241.549097
Orange 545.28 316.512445 578.56 367.769546
Orange 550.4 0.0 625.28 44.849878000000004
Orange 550.4 430.559102 629.76 501.67852600000003
Orange 553.6 559.342167 636.16 631.742899
Orange 568.96 110.202733 643.84 174.914934
Orange 588.8 28.832162 667.52 111.484041
Orange 600.32 485.01947299999995 664.96 567.671352
Orange 601.6 616.3658369999999 672.64 682.359346
Orange 609.92 157.615227 683.52 230.01595899999998
Orange 620.16 0.0 708.48 32.676086000000005
Orange 632.32 437.60697899999997 711.04 501.67852600000003
Orange 633.6 103.79551 716.16 161.459834
Orange 636.16 545.246413 712.32 635.587506
Orange 671.36 24.987555 751.36 94.82567099999999
Orange 684.8 492.708004 751.36 563.827428
Orange 691.2 161.459834 763.52 232.57857500000003
Orange 710.4 429.918448 791.68 493.348658
Orange 711.04 78.807955 787.2 161.459834
Orange 712.32 0.0 787.2 44.849878000000004
Orange 763.52 27.550853999999998 840.96 106.358126
Orange 763.52 147.36408 853.76 226.17135199999998
Orange 802.56 276.14714499999997 852.48 360.08101500000004
Orange 806.4 366.487555 828.8 426.714495
Orange 814.72 213.998243 892.16 285.116984
Orange 833.92 16.017716 927.36 98.669595
Orange 849.92 146.082772 923.52 226.17135199999998
Orange 888.96 90.98106399999999 979.84 171.070327
Orange 928.64 21.143631 1023.36 103.79551
