Orange 728.000512 359.999736 926.000128 545.000016
Orange 33.000448 304.999728 161.000448 353.00006399999995
Orange 39.000064 345.00024 161.000448 452.999952
Orange 140.99968 339.000024 257.999872 441.999672
Orange 142.000128 254.00032800000002 225.000448 309.000336
Orange 165.999616 367.00010399999996 257.000448 474.00035999999994
Orange 174.000128 262.000152 234.000384 321.000072
Orange 186.000384 304.999728 252.99968 345.00024
Orange 209.000448 400.999704 346.000384 542.000256
Orange 268.99968 269.999976 412.000256 388.99996799999997
Orange 318.000128 371.000016 476.000256 514.000176
Orange 321.999872 492.999768 497.000448 617.9999760000001
Orange 352.0 318.999768 480.0 403.000008
Orange 430.000128 243.000048 531.999744 336.99971999999997
Orange 460.99968 481.00003200000003 572.99968 589.999896
Orange 501.000192 269.999976 584.999936 336.99971999999997
Orange 540.000256 149.999832 679.999488 275.00004
Orange 584.999936 254.999784 737.000448 396.99979199999996
Orange 627.999744 464.999688 734.999552 537.999648
Orange 652.000256 202.00008 741.000192 273.999888
Orange 679.999488 387.00035999999994 769.000448 452.999952
Orange 696.999936 522.0 844.99968 646.000056
Orange 739.999744 249.99972 892.000256 356.999976
Orange 744.999936 171.00024 888.000512 269.999976
Orange 856.000512 537.000192 1016.000512 665.0001599999999
Orange 887.000064 110.00001599999999 1016.000512 254.00032800000002
Orange 899.00032 363.000192 983.000064 454.00010399999996
Orange 903.000064 239.000136 1022.999552 409.00022400000006
Orange 938.999808 395.000184 1022.999552 546.000168
