Orange 0.0 269.483881 215.04 469.196736
Orange 6.4 158.105797 204.16 293.168281
Orange 167.68 100.49641799999999 325.12 183.070178
Orange 187.52 336.69494499999996 470.4 587.616543
Orange 195.2 170.26817499999999 381.44 311.731295
Orange 302.72 91.535089 387.84 155.545835
Orange 304.64 116.49947 370.56 190.751526
Orange 352.64 95.375763 510.08 214.43519500000002
Orange 387.84 197.792518 590.08 374.46132900000003
Orange 389.12 40.326346 497.92 110.738459
Orange 508.16 390.464381 810.88 713.0773419999999
Orange 513.92 138.262802 691.2 269.483881
Orange 522.88 44.16702 656.0 116.49947
Orange 597.76 244.520231 880.0 486.479769
Orange 616.32 92.81507 769.92 221.476187
Orange 672.64 48.007694 806.4 151.705161
Orange 750.08 171.548156 948.48 329.014328
Orange 802.56 110.738459 983.68 236.83888299999998
Orange 810.24 65.29072699999999 979.84 135.702109
