Orange 0.0 21.759744 133.12 355.20000000000005
Orange 0.0 357.759744 315.52 767.360256
Orange 114.56 60.159744 495.36 424.959744
Orange 130.56 0.0 426.88 85.119744
Orange 209.92 632.960256 537.6 767.360256
Orange 371.84 344.96025599999996 641.92 699.519744
Orange 412.16 9.600000000000001 705.92 349.44
Orange 574.72 0.0 856.32 168.320256
Orange 605.44 517.760256 954.24 767.360256
Orange 629.12 254.720256 872.32 528.0
Orange 785.28 87.680256 1023.36 327.03974400000004
Orange 839.68 315.519744 1023.36 643.2
