Orange 183.04 268.348248 277.76 339.43842
Orange 266.24 261.943956 295.04 305.494236
Orange 365.44 360.573336 455.04 443.19095999999996
Orange 416.64 435.505536 476.16 465.607008
Orange 451.2 368.25876000000005 513.92 457.28067599999997
Orange 483.84 350.966556 542.72 394.516836
Orange 490.24 425.898756 541.44 477.135144
Orange 522.88 234.40474799999998 606.08 309.336948
Orange 527.36 469.44972 549.12 508.51706400000006
Orange 554.88 333.03344400000003 612.48 407.96632800000003
Orange 637.44 339.43842 720.0 422.056044
Orange 661.12 469.44972 698.88 500.83164
Orange 725.76 520.685424 761.6 579.606552
Orange 942.72 514.281132 983.68 561.0339
Orange 978.56 548.224632 1011.2 587.291976
