Orange 0.0 49.280256 53.12 156.800256
Orange 0.0 472.959744 72.96 603.519744
Orange 0.0 595.839744 120.32 738.560256
Orange 5.12 192.0 103.04 318.080256
Orange 8.32 13.440000000000001 131.2 104.96025600000002
Orange 43.52 382.719744 179.84 520.3199999999999
Orange 44.8 108.80025599999999 179.84 226.56
Orange 60.8 706.5600000000001 211.84 767.360256
Orange 84.48 520.3199999999999 208.0 648.320256
Orange 92.8 226.56 219.52 329.600256
Orange 124.16 639.36 215.68 743.679744
Orange 124.16 33.279744 243.2 148.479744
Orange 156.16 148.479744 247.68 247.68
Orange 163.84 456.96 297.6 573.440256
Orange 194.56 315.519744 314.88 438.39974400000006
Orange 199.68 279.680256 297.6 343.040256
Orange 202.24 620.7997439999999 337.28 755.840256
Orange 223.36 170.88 345.6 294.399744
Orange 227.84 1.92 329.6 85.119744
Orange 238.08 72.96000000000001 358.4 180.48
Orange 270.08 508.160256 408.96 631.6800000000001
Orange 297.6 375.03974400000004 412.8 497.91974400000004
Orange 307.2 668.16 401.92 766.08
Orange 311.04 254.720256 421.76 366.71999999999997
Orange 341.12 20.480256 456.32 123.519744
Orange 345.6 0.0 449.92 17.919744
Orange 346.88 135.68025599999999 452.48 250.23974399999997
Orange 394.24 627.2002560000001 504.32 734.7202560000001
Orange 401.92 735.999744 513.28 767.360256
Orange 412.8 501.75974400000007 520.96 623.360256
Orange 417.92 218.88 528.0 318.080256
Orange 420.48 315.519744 536.96 438.39974400000006
Orange 421.76 108.80025599999999 515.84 195.20025599999997
Orange 437.76 13.440000000000001 524.16 103.68
Orange 563.84 707.840256 656.0 767.360256
Orange 565.12 561.2797439999999 699.52 704.000256
Orange 567.68 184.32 675.84 319.359744
Orange 571.52 13.440000000000001 670.72 119.679744
Orange 572.8 410.24025599999993 702.72 525.440256
Orange 604.8 107.52000000000001 751.36 231.680256
Orange 638.08 288.0 769.92 424.959744
Orange 647.04 0.0 766.08 123.519744
Orange 663.04 505.599744 791.04 604.8
Orange 664.32 727.6800000000001 837.12 767.360256
Orange 682.88 238.71974400000002 751.36 286.08
Orange 690.56 616.959744 821.76 746.2402559999999
Orange 710.4 0.0 1000.32 32.000256
Orange 722.56 215.04000000000002 789.76 270.080256
Orange 730.24 394.88025600000003 876.8 547.839744
Orange 750.08 250.23974399999997 829.44 359.04
Orange 775.04 0.0 896.64 108.80025599999999
Orange 791.04 294.399744 948.48 413.43974399999996
Orange 798.72 524.16 948.48 668.16
Orange 810.88 687.999744 964.48 766.08
Orange 818.56 179.199744 945.92 303.36
Orange 838.4 604.8 969.6 712.3199999999999
Orange 854.4 57.599999999999994 988.16 202.88025599999997
Orange 866.56 405.12 977.28 524.16
Orange 937.6 294.399744 1023.36 448.640256
Orange 944.64 211.839744 1009.28 307.20000000000005
Orange 948.48 505.599744 1009.28 611.840256
Orange 956.16 698.88 1023.36 767.360256
Orange 961.92 583.6800000000001 1023.36 687.999744
Orange 981.76 440.96025599999996 1023.36 497.91974400000004
Orange 993.28 504.320256 1023.36 579.84
