Orange 0.0 0.0 213.000192 179.000064
Orange 55.000064 192.99993600000002 204.99968 306.000384
Orange 165.999616 72.0 410.999808 306.000384
Orange 225.000448 286.000128 403.999744 371.00006399999995
Orange 273.999872 19.000320000000002 318.000128 85.999872
Orange 309.999616 0.0 508.000256 123.99974399999999
Orange 403.00032 108.0 584.999936 317.999616
Orange 403.999744 301.999872 520.999936 360.99993600000005
Orange 519.999488 0.0 725.999616 184.99967999999998
Orange 622.000128 490.00012799999996 698.999808 542.999808
Orange 695.000064 515.000064 794.999808 585.000192
Orange 698.999808 395.00006399999995 816.0 516.0
Orange 780.000256 476.00025600000004 839.000064 566.999808
Orange 807.999488 450.00038399999994 888.999936 531.999744
Orange 839.000064 422.999808 935.999488 503.00006399999995
Orange 883.999744 382.000128 967.000064 474.00038399999994
