Orange 0.0 682.400256 30.399488 705.5999999999999
Orange 47.200256 498.39974400000006 75.199488 526.400256
Orange 82.400256 410.40000000000003 122.399744 441.59999999999997
Orange 142.399488 530.4000000000001 174.399488 553.599744
Orange 143.200256 242.39999999999998 179.2 298.400256
Orange 178.400256 230.39999999999998 219.199488 289.599744
Orange 179.2 181.599744 230.4 221.600256
Orange 210.400256 573.5999999999999 230.4 605.600256
Orange 238.399488 581.600256 278.4 606.399744
Orange 262.4 382.400256 319.200256 450.39974400000006
Orange 346.399744 414.39974400000006 407.199744 486.39974400000006
Orange 379.200512 98.39999999999999 418.400256 149.600256
Orange 398.399488 146.39999999999998 434.400256 190.400256
Orange 434.400256 177.60000000000002 486.4 213.60000000000002
Orange 446.399488 385.599744 506.399744 429.59999999999997
Orange 475.200512 734.4000000000001 530.400256 767.199744
Orange 499.2 357.6 547.2 401.60025599999994
Orange 530.400256 493.599744 595.2 534.399744
Orange 537.6 390.39974400000006 601.6 440.799744
Orange 582.4 254.39999999999998 614.4 278.4
Orange 582.4 654.399744 639.200256 710.4000000000001
Orange 654.400512 722.4000000000001 707.2 767.199744
Orange 658.400256 285.6 678.4 330.399744
Orange 707.2 465.59999999999997 747.200512 525.5999999999999
Orange 714.399744 605.600256 742.4 629.600256
Orange 726.4 310.400256 751.200256 357.6
Orange 731.200512 502.400256 778.399744 541.599744
Orange 751.200256 457.599744 783.200256 486.39974400000006
Orange 770.400256 474.39974400000006 803.2 510.39974400000006
Orange 931.2 646.400256 991.200256 682.400256
Orange 942.400512 689.600256 971.200512 718.400256
Orange 974.400512 614.4000000000001 1006.400512 642.399744
Orange 998.4 590.4000000000001 1019.200512 634.400256
Orange 998.4 661.599744 1023.200256 686.4000000000001
