Orange 39.04 572.16 110.72 639.36
Orange 101.12 552.320256 158.08 588.800256
Orange 101.12 588.800256 161.92 655.359744
Orange 110.72 656.64 168.96 723.84
Orange 126.72 520.3199999999999 186.24 576.0
Orange 160.64 581.1202559999999 220.16 640.640256
Orange 160.64 639.36 224.64 707.840256
Orange 166.4 706.5600000000001 221.44 730.880256
Orange 190.08 532.479744 252.16 595.839744
Orange 225.92 671.360256 275.84 730.880256
Orange 240.0 623.360256 277.12 671.360256
Orange 245.76 577.280256 280.96 639.36
Orange 347.52 588.800256 407.04 659.199744
Orange 372.48 644.480256 444.16 720.0
Orange 378.88 711.039744 446.72 762.24
Orange 410.88 600.96 467.84 652.8
Orange 448.0 655.359744 497.92 706.5600000000001
Orange 455.68 692.480256 513.92 747.519744
Orange 483.84 613.119744 517.76 664.3199999999999
Orange 503.68 663.039744 567.04 727.6800000000001
Orange 539.52 651.519744 593.92 709.760256
