Orange 263.999488 577.599488 406.4 705.599488
Orange 129.600512 524.8 190.399488 622.400512
Orange 193.600512 263.999488 363.200512 369.600512
Orange 206.399488 617.6 259.2 656.0
Orange 238.399488 569.6 276.799488 619.200512
Orange 270.399488 475.200512 364.8 569.6
Orange 345.6 281.6 427.200512 363.200512
Orange 369.600512 519.999488 444.8 596.799488
Orange 396.8 214.4 537.6 291.2
Orange 433.600512 139.199488 536.000512 211.2
Orange 449.600512 478.399488 528.0 537.6
Orange 454.4 334.399488 547.2 411.200512
Orange 487.999488 388.799488 640.0 478.399488
Orange 521.6 569.6 590.400512 646.4
Orange 536.000512 521.6 652.8 592.0
Orange 537.6 9.6 630.4 70.4
Orange 582.4 423.999488 689.599488 515.2
Orange 592.0 243.2 667.200512 369.600512
Orange 601.6 62.400512 694.4 171.199488
Orange 603.200512 563.2 679.999488 628.799488
Orange 689.599488 238.399488 732.8 324.799488
Orange 723.2 59.200512 755.2 148.800512
Orange 728.000512 276.799488 804.799488 366.399488
Orange 739.2 412.8 788.799488 542.400512
Orange 807.999488 248.000512 852.799488 320.0
