Orange 492.16 425.60025599999994 584.32 511.359744
Orange 6.4 723.84 35.2 766.08
Orange 7.68 682.880256 53.76 727.6800000000001
Orange 58.88 727.6800000000001 97.28 762.24
Orange 67.2 584.960256 90.88 619.520256
Orange 69.76 557.439744 109.44 593.28
Orange 69.76 675.2002560000001 113.28 714.8797440000001
Orange 109.44 692.480256 154.24 747.519744
Orange 118.4 553.599744 158.08 587.52
Orange 122.24 738.560256 145.28 767.360256
Orange 126.72 512.64 166.4 557.439744
Orange 166.4 714.8797440000001 200.32 762.24
Orange 168.96 682.880256 206.08 720.0
Orange 170.24 593.28 204.8 627.2002560000001
Orange 174.08 563.840256 200.32 593.28
Orange 201.6 732.159744 236.16 767.360256
Orange 208.64 691.2 237.44 747.519744
Orange 209.92 577.280256 249.6 613.119744
Orange 228.48 739.839744 257.28 767.360256
Orange 232.32 611.840256 280.96 659.199744
Orange 240.0 672.639744 293.12 714.8797440000001
Orange 272.0 752.000256 312.96 767.360256
Orange 284.16 613.119744 304.0 655.359744
Orange 289.28 702.72 323.84 750.72
Orange 291.84 377.600256 332.8 405.12
Orange 295.68 339.20025599999997 327.68 375.03974400000004
Orange 300.8 401.28 325.12 426.24
Orange 305.28 295.68 328.96 339.20025599999997
Orange 323.84 671.360256 368.64 720.0
Orange 343.68 321.920256 384.64 339.20025599999997
Orange 347.52 335.36025600000005 371.2 362.88
Orange 391.04 686.7202560000001 418.56 706.5600000000001
Orange 392.32 727.6800000000001 424.32 766.08
Orange 435.84 672.639744 470.4 732.159744
Orange 439.68 734.7202560000001 479.36 767.360256
Orange 498.56 686.079744 579.84 767.360256
