Orange 4.48 263.974036 47.36 297.93143
Orange 135.68 287.680283 202.24 354.9551
Orange 144.64 357.517716 200.96 392.757101
Orange 161.92 624.054368 186.88 665.700976
Orange 190.72 319.075061 248.32 382.505271
Orange 232.32 496.552611 272.0 545.246413
Orange 264.32 621.491752 291.84 661.856369
Orange 313.6 342.78130799999997 337.28 372.894778
Orange 332.16 656.730454 403.2 682.359346
Orange 341.76 281.27306 405.76 350.469839
Orange 456.96 338.937384 515.84 395.31971699999997
Orange 509.44 356.23640800000004 528.0 392.757101
Orange 510.72 666.9822839999999 556.8 682.359346
Orange 567.04 354.9551 611.84 394.038409
Orange 685.44 660.575061 718.08 682.359346
Orange 968.32 674.030161 983.04 682.359346
