Orange 0.0 432.68191799999994 24.96 471.08619999999996
Orange 30.72 292.50862 114.56 360.99567
Orange 46.08 739.272408 123.52 807.118964
Orange 126.08 432.68191799999994 193.28 487.727592
Orange 160.0 81.287932 248.32 167.05605
Orange 203.52 389.157774 277.76 465.32584399999996
Orange 237.44 458.28450000000004 296.32 524.21121
Orange 312.96 414.760356 387.84 507.569818
Orange 324.48 365.475856 368.0 432.68191799999994
Orange 357.76 639.42242 425.6 702.78879
Orange 387.84 23.681918 456.32 81.287932
Orange 443.52 60.165536 540.8 145.934472
Orange 566.4 224.66206400000002 640.64 292.50862
Orange 576.64 668.225018 631.68 734.792222
Orange 646.4 393.638778 713.6 473.64654
Orange 793.6 60.165536 872.32 152.974998
