Orange 584.96 177.969438 803.2 396.910407
Orange 503.68 368.743062 708.48 589.604157
Orange 506.24 548.6333430000001 613.76 716.3597189999999
Orange 507.52 219.58125 568.96 414.835407
Orange 513.92 0.0 688.64 222.141657
Orange 617.6 524.9465309999999 832.64 715.7194380000001
Orange 633.6 0.0 778.88 53.775
Orange 702.72 17.284719 899.84 218.300688
Orange 806.4 509.581938 1023.36 707.3972190000001
Orange 808.96 186.931938 1011.2 384.747219
Orange 821.12 0.0 1021.44 68.499312
Orange 932.48 349.53749999999997 1023.36 544.791657
Orange 940.16 14.724312 1023.36 233.665281
