Orange 253.44 335.733431 443.52 511.929673
Orange 0.0 43.56857 46.72 216.560859
Orange 0.0 0.0 147.84 67.274817
Orange 6.4 543.965105 132.48 682.359346
Orange 39.04 271.662567 220.16 456.828648
Orange 55.04 68.55612500000001 216.32 244.11171299999998
Orange 97.92 437.60697899999997 279.04 626.616984
Orange 136.32 0.0 322.56 189.010005
Orange 168.96 241.549097 301.44 395.31971699999997
Orange 222.72 130.065056 416.64 322.918985
Orange 281.6 588.1743290000001 464.0 682.359346
Orange 302.72 285.116984 423.68 347.907223
Orange 377.6 74.96334800000001 549.12 212.716935
Orange 389.12 488.86407999999994 557.44 616.3658369999999
Orange 400.0 0.0 482.56 28.832162
Orange 403.84 196.699219 617.6 393.39775499999996
Orange 474.88 572.797267 676.48 682.359346
Orange 495.36 351.75114700000006 645.12 477.971596
Orange 541.44 407.493509 743.68 599.066813
Orange 609.92 299.212738 647.68 351.75114700000006
Orange 609.92 5.125915 794.88 149.92669600000002
Orange 664.96 324.20097599999997 723.84 403.00824800000004
Orange 720.0 277.428453 901.12 477.971596
Orange 731.52 458.75061 849.92 606.755344
Orange 746.24 643.916691 904.96 682.359346
Orange 747.52 7.688530999999999 920.96 210.153636
Orange 837.76 0.0 938.88 27.550853999999998
Orange 852.48 151.208004 1002.24 346.62591499999996
Orange 852.48 492.708004 1021.44 655.449146
Orange 896.0 342.78130799999997 966.4 488.86407999999994
Orange 919.68 0.0 1023.36 147.36408
Orange 942.72 646.479307 1021.44 682.359346
Orange 966.4 147.36408 1023.36 342.78130799999997
Orange 974.72 350.469839 1023.36 497.83391900000004
