Orange 11.527168 343.68 32.66048 360.96
Orange 32.66048 288.0 46.108672 309.12
Orange 34.581504 241.92000000000002 55.714816 263.04
Orange 36.502528 357.12 53.793792 368.64
Orange 55.714816 222.71999999999997 67.241984 238.07999999999998
Orange 59.556864 364.79999999999995 71.084032 391.68
Orange 67.241984 289.92 84.533248 305.28000000000003
Orange 74.927104 245.76 99.902464 276.48
Orange 76.848128 343.68 92.217344 364.79999999999995
Orange 80.690176 311.04 99.902464 339.84000000000003
Orange 84.533248 213.12 97.98144 238.07999999999998
Orange 105.665536 330.24 119.114752 353.28000000000003
Orange 109.508608 251.52 124.877824 266.88
Orange 113.350656 357.12 126.798848 382.08
Orange 113.350656 286.08 130.64192 309.12
Orange 122.9568 251.52 144.090112 284.15999999999997
Orange 128.720896 293.76 146.011136 318.71999999999997
Orange 134.483968 266.88 163.3024 297.6
Orange 155.61728 174.72 172.908544 192.0
Orange 159.459328 301.44 184.435712 326.4
Orange 165.223424 188.16 180.59264 205.44
Orange 165.223424 238.07999999999998 188.27776 263.04
Orange 176.750592 224.64 194.040832 247.68
Orange 192.119808 180.48 215.174144 203.52
Orange 207.490048 224.64 215.174144 249.60000000000002
Orange 209.411072 207.36 224.780288 230.39999999999998
Orange 219.017216 153.60000000000002 247.834624 170.88
Orange 282.416128 266.88 295.865344 293.76
Orange 324.682752 255.36 340.052992 268.79999999999995
Orange 328.525824 288.0 345.816064 318.71999999999997
Orange 340.052992 228.48 366.949376 249.60000000000002
Orange 351.58016 301.44 382.318592 322.56
Orange 353.501184 268.79999999999995 388.082688 297.6
Orange 366.949376 230.39999999999998 403.451904 255.36
Orange 374.634496 289.92 401.53088 309.12
Orange 374.634496 314.88 401.53088 334.08
Orange 388.082688 259.20000000000005 434.19136 284.15999999999997
Orange 401.53088 293.76 430.349312 314.88
Orange 405.372928 332.15999999999997 436.112384 357.12
Orange 409.216 216.95999999999998 443.797504 249.60000000000002
Orange 430.349312 192.0 447.639552 207.36
Orange 430.349312 266.88 451.482624 297.6
Orange 443.797504 222.71999999999997 466.85184 234.24
Orange 457.245696 268.79999999999995 478.379008 291.84000000000003
Orange 459.16672 318.71999999999997 472.614912 357.12
Orange 459.16672 192.0 478.379008 220.79999999999998
Orange 472.614912 280.32 493.748224 305.28000000000003
Orange 476.457984 297.6 501.433344 326.4
Orange 482.221056 238.07999999999998 501.433344 259.20000000000005
Orange 493.748224 216.95999999999998 507.19744 241.92000000000002
Orange 499.51232 144.0 526.408704 167.04
Orange 501.433344 280.32 528.329728 305.28000000000003
Orange 503.354368 184.32 514.881536 207.36
Orange 503.354368 228.48 539.85792 255.36
Orange 511.039488 226.56 541.778944 255.36
Orange 522.566656 289.92 543.699968 311.04
Orange 524.48768 203.52 541.778944 234.24
Orange 524.48768 174.72 547.542016 199.68
Orange 541.778944 192.0 562.912256 224.64
Orange 543.699968 251.52 564.83328 284.15999999999997
Orange 553.306112 293.76 587.887616 314.88
Orange 574.439424 203.52 593.650688 234.24
Orange 574.439424 259.20000000000005 595.571712 288.0
Orange 574.439424 157.44 616.705024 182.39999999999998
Orange 595.571712 153.60000000000002 605.177856 174.72
Orange 599.414784 138.24 641.681408 161.28
Orange 605.177856 213.12 633.996288 228.48
Orange 605.177856 307.20000000000005 637.838336 343.68
Orange 607.099904 234.24 610.941952 251.52
Orange 609.020928 280.32 628.232192 305.28000000000003
Orange 612.862976 128.64000000000001 647.44448 153.60000000000002
Orange 612.862976 184.32 649.365504 213.12
Orange 620.548096 159.35999999999999 647.44448 174.72
Orange 632.075264 228.48 641.681408 247.68
Orange 645.523456 203.52 672.41984 234.24
Orange 647.44448 138.24 662.81472 153.60000000000002
Orange 906.806272 238.07999999999998 966.36416 307.20000000000005
Orange 956.758016 167.04 1020.157952 263.04
Orange 958.67904 286.08 1004.787712 336.0
Orange 958.67904 322.56 1022.078976 399.36
