Orange 0.0 660.24761 58.88 680.720568
Orange 0.0 250.79186 64.0 552.765774
Orange 0.0 161.223436 106.24 368.510516
Orange 0.0 0.0 263.68 181.696394
Orange 11.52 499.024174 446.72 680.720568
Orange 120.32 0.0 462.08 193.211964
Orange 236.8 102.364108 704.0 610.3449880000001
Orange 409.6 495.185878 733.44 678.161022
Orange 439.04 0.0 614.4 88.288992
Orange 537.6 69.095466 838.4 435.047118
Orange 614.4 0.0 897.28 211.12537600000002
Orange 664.32 372.34881199999995 825.6 646.1724939999999
Orange 828.16 269.984704 1022.72 660.24761
Orange 926.72 0.0 1022.72 275.103114
