Orange 92.127288 94.08 786.923313 652.8
Orange 0.0 209.28000000000003 51.822111 280.32
Orange 0.0 537.5999999999999 94.046436 754.5600000000001
Orange 0.0 36.480000000000004 136.271784 209.28000000000003
Orange 0.0 301.44 136.271784 560.64
Orange 51.822111 0.0 191.93219100000002 57.599999999999994
Orange 80.61137699999999 695.04 207.287421 766.08
Orange 101.724051 543.36 284.060502 720.0
Orange 142.030251 445.43999999999994 295.576413 650.88
Orange 145.868547 343.68 253.35106499999998 424.32
Orange 147.787695 184.32 322.446531 351.36
Orange 163.14292500000002 0.0 372.348471 132.48
Orange 205.36725 80.64 380.02608599999996 199.68
Orange 245.67345 357.12 332.043294 533.76
Orange 284.060502 537.5999999999999 353.15596800000003 666.24
Orange 322.446531 0.0 491.3469 69.12
Orange 330.124146 293.76 474.073545 529.92
Orange 339.720909 627.84 443.364108 723.84
Orange 374.268642 26.880000000000003 504.78195900000003 140.16
Orange 410.735523 656.64 525.894633 754.5600000000001
Orange 431.84819699999997 351.36 614.183625 554.88
Orange 441.44496000000004 144.0 596.91027 241.92000000000002
Orange 474.073545 385.91999999999996 669.8440320000001 618.24
Orange 481.750137 0.0 642.973914 61.44
Orange 527.8137810000001 186.24 618.022944 301.44
Orange 545.088159 51.84 702.472617 142.07999999999998
Orange 545.088159 614.4000000000001 712.06938 766.08
Orange 610.345329 153.60000000000002 754.294728 343.68
Orange 621.86124 117.12 731.2629059999999 180.48
Orange 646.81221 524.16 798.439224 673.92
Orange 648.731358 378.24 744.6979650000001 587.52
Orange 681.359943 0.0 850.260312 48.0
Orange 717.827847 234.24 859.857075 343.68
Orange 719.746995 499.20000000000005 783.083994 568.3199999999999
Orange 723.585291 737.28 790.761609 766.08
Orange 727.423587 132.48 769.648935 216.95999999999998
Orange 754.294728 343.68 880.969749 410.88
Orange 796.520076 90.24 1015.322385 270.71999999999997
Orange 840.664572 647.04 965.420445 766.08
Orange 871.3729860000001 0.0 1015.322385 90.24
Orange 875.212305 474.24 1019.161704 666.24
Orange 877.1314530000001 218.88 1021.080852 403.20000000000005
Orange 998.04903 149.76 1019.161704 255.36
