Orange 0.0 228.734651 9.6 248.596291
Orange 13.44 315.230454 32.0 342.78130799999997
Orange 17.28 413.900732 44.8 433.76237199999997
Orange 24.96 299.212738 56.96 322.918985
Orange 39.68 430.559102 68.48 462.59453399999995
Orange 47.36 410.056125 74.88 433.76237199999997
Orange 56.96 383.787262 76.16 403.00824800000004
Orange 56.96 575.360566 80.64 600.348121
Orange 60.8 92.26237200000001 87.04 126.220449
Orange 63.36 552.934944 88.32 575.360566
Orange 71.04 115.328648 96.0 147.36408
Orange 71.04 336.37408500000004 96.0 374.17608600000005
Orange 76.16 584.330405 96.0 614.443875
Orange 90.88 96.10697900000001 110.72 126.220449
Orange 92.16 410.056125 118.4 438.888287
Orange 94.72 383.787262 126.08 410.056125
Orange 112.0 281.27306 131.84 315.230454
Orange 118.4 580.485798 139.52 610.599268
Orange 126.08 488.86407999999994 151.04 508.085066
Orange 127.36 261.410737 149.76 281.27306
Orange 131.84 67.274817 151.04 94.82567099999999
Orange 131.84 285.116984 158.08 304.979307
Orange 134.4 390.194485 161.92 411.337433
Orange 143.36 501.67852600000003 163.2 525.384773
Orange 145.92 616.3658369999999 167.04 635.587506
Orange 149.76 584.330405 165.76 610.599268
Orange 151.04 244.11171299999998 173.44 271.662567
Orange 154.88 563.827428 174.72 586.893021
Orange 158.08 350.469839 177.28 375.45807699999995
Orange 159.36 403.00824800000004 177.28 429.27779400000003
Orange 174.72 620.2104439999999 202.24 643.916691
Orange 181.12 490.145388 200.96 513.851635
Orange 186.88 592.65959 213.12 622.77306
Orange 200.96 370.332162 232.32 403.00824800000004
Orange 216.96 567.671352 238.08 596.503514
Orange 220.8 419.02596400000004 248.32 445.29551000000004
Orange 232.32 437.60697899999997 253.44 462.59453399999995
Orange 236.8 371.61346999999995 259.84 397.883016
Orange 252.16 430.559102 289.28 458.75061
Orange 272.0 469.00175700000005 293.12 485.01947299999995
Orange 330.88 567.671352 374.4 599.066813
Orange 336.0 397.883016 355.84 419.02596400000004
Orange 338.56 303.69799900000004 359.68 331.248853
Orange 350.72 472.84636400000005 370.56 492.708004
Orange 350.72 126.220449 383.36 155.05261099999998
Orange 355.84 413.900732 379.52 441.45090300000004
Orange 370.56 80.089263 395.52 115.328648
Orange 371.84 481.816203 394.24 504.24114199999997
Orange 374.4 541.4024890000001 387.2 565.108736
Orange 387.2 476.690288 413.44 501.67852600000003
Orange 395.52 527.9473889999999 417.28 549.09102
Orange 399.36 560.624158 414.72 579.20449
Orange 405.76 517.696242 426.88 531.7919959999999
Orange 407.04 146.082772 425.6 171.070327
Orange 433.28 374.17608600000005 450.56 403.00824800000004
Orange 446.72 141.597511 468.48 171.070327
Orange 449.28 296.650122 478.08 344.062616
Orange 481.92 217.842167 510.72 238.985798
Orange 493.44 547.809712 517.12 579.20449
Orange 540.8 580.485798 567.04 608.036652
Orange 543.36 555.498243 568.32 576.641874
Orange 576.0 151.208004 606.72 178.758858
Orange 599.68 174.914934 630.4 198.62118099999998
Orange 602.24 67.274817 634.24 90.98106399999999
Orange 608.0 205.028404 631.68 222.32742800000003
Orange 623.36 249.878282 650.88 276.14714499999997
Orange 647.04 249.878282 666.88 272.943875
Orange 653.44 465.157833 693.12 504.24114199999997
Orange 670.72 531.7919959999999 702.08 565.108736
Orange 702.08 87.777794 721.92 122.375842
Orange 704.64 616.3658369999999 744.32 659.293753
Orange 732.16 567.671352 755.84 586.893021
Orange 736.64 588.1743290000001 769.28 618.928453
Orange 759.68 346.62591499999996 791.68 375.45807699999995
Orange 761.6 107.639434 784.64 137.753587
Orange 765.44 0.0 779.52 35.239385
Orange 773.12 186.447389 799.36 216.560859
Orange 784.64 5.125915 804.48 27.550853999999998
Orange 787.84 106.358126 815.36 130.065056
Orange 795.52 327.404246 804.48 358.79902400000003
Orange 803.2 122.375842 834.56 146.082772
Orange 826.88 347.907223 854.4 386.349878
Orange 826.88 504.24114199999997 855.68 540.121181
Orange 830.72 267.81796 851.84 307.541923
Orange 834.56 292.805515 859.52 316.512445
Orange 838.4 488.86407999999994 870.4 504.24114199999997
Orange 848.0 596.503514 894.08 630.461591
Orange 878.08 655.449146 901.76 682.359346
Orange 901.76 485.01947299999995 914.56 508.085066
Orange 945.28 618.928453 969.6 650.323914
