Apple 0.0 454.00012799999996 197.000192 643.00032
Apple 0.0 111.99974399999999 197.999616 328.99968
Apple 14.000128 322.000128 152.000512 443.00006399999995
Apple 16.0 638.999808 174.999552 767.000064
Apple 17.999872 0.0 170.999808 124.99967999999998
Apple 99.999744 229.99987199999998 323.00032 443.00006399999995
Apple 113.000448 557.9996160000001 334.000128 767.000064
Apple 152.000512 0.0 309.999616 123.99974399999999
Apple 156.000256 70.000128 318.000128 128.000256
Apple 195.999744 192.99993600000002 332.000256 337.999872
Apple 197.999616 504.99993600000005 325.999616 618.0003839999999
Apple 289.999872 0.0 330.000384 20.000256
Apple 328.999936 0.0 499.999744 68.000256
Apple 332.000256 448.99968 529.999872 651.999744
Apple 339.999744 58.000128000000004 524.99968 236.000256
Apple 339.999744 242.99980800000003 536.000512 426.00038399999994
Apple 369.000448 657.000192 469.000192 767.000064
Apple 387.00032 217.99987199999998 533.999616 319.00032
Apple 442.000384 628.99968 673.999872 767.000064
Apple 485.000192 0.0 666.999808 115.00032000000002
Apple 499.00032 128.000256 689.999872 296.00025600000004
Apple 515.00032 296.00025600000004 670.999552 416.00025600000004
Apple 524.99968 430.00012799999996 721.999872 634.0001279999999
Apple 528.0 590.999808 684.000256 680.000256
Apple 679.000064 14.999808 846.000128 100.99967999999998
Apple 679.999488 0.0 828.000256 24.0
Apple 686.000128 84.0 899.999744 287.00006399999995
Apple 714.000384 395.00006399999995 924.99968 612.999936
Apple 718.000128 260.00025600000004 858.000384 309.00019199999997
Apple 718.999552 282.000384 853.999616 419.00006399999995
Apple 732.000256 608.000256 920.999936 767.000064
Apple 816.0 0.0 858.000384 34.000128
Apple 828.000256 0.0 999.000064 108.99993599999999
Apple 842.000384 260.00025600000004 1022.999552 450.00038399999994
Apple 858.999808 120.0 1009.000448 291.99974399999996
Apple 885.000192 488.00025600000004 1022.999552 672.0
Apple 919.000064 601.9998720000001 1022.999552 767.000064
