Orange 0.0 0.0 39.04 30.72
Orange 73.6 125.44 152.32 190.08
Orange 91.52 786.56 159.36 846.08
Orange 117.76 830.72 206.72 924.8
Orange 185.6 526.08 220.8 555.52
Orange 185.6 872.32 252.16 933.76
Orange 206.72 562.56 248.96 615.04
Orange 227.84 515.84 306.56 588.8
Orange 369.28 51.84 442.88 116.48
Orange 430.72 576.64 490.24 636.16
Orange 647.68 830.72 705.28 888.32
Orange 857.6 0.0 903.04 37.76
Orange 881.92 394.88 939.52 450.56
Orange 919.04 473.6 976.64 529.28
Orange 931.2 360.32 997.12 430.08
