Orange 0.0 132.983565 120.32 197.557503
Orange 0.0 272.360517 140.16 409.819839
Orange 86.4 157.917903 251.52 326.06574
Orange 101.76 36.442692 275.2 154.081785
Orange 121.6 296.016435 231.68 393.836157
Orange 141.44 115.081824 295.04 216.098454
Orange 227.84 209.065428 317.44 358.672314
Orange 238.72 377.213265 372.48 428.36079
Orange 257.92 105.49195800000001 442.88 276.196635
Orange 259.2 329.901429 384.0 392.557308
Orange 279.04 271.08209700000003 451.2 366.344121
Orange 286.72 280.032753 405.12 338.852514
Orange 330.24 5.114967 458.88 121.475211
Orange 352.64 358.672314 497.92 428.36079
Orange 384.0 274.91821500000003 458.88 333.737547
Orange 419.2 26.852397 577.28 189.885267
Orange 424.96 184.13109 588.8 335.016396
Orange 455.04 322.229622 557.44 384.885072
Orange 513.92 400.86875399999997 652.8 428.36079
Orange 522.88 331.180278 695.04 428.36079
Orange 535.04 154.081785 664.96 315.196596
Orange 593.92 50.508315 766.08 211.623126
Orange 620.16 278.75390400000003 763.52 374.65556699999996
Orange 668.8 176.458854 837.76 299.852553
Orange 695.04 374.65556699999996 742.4 428.36079
Orange 738.56 382.32780299999996 857.6 428.36079
Orange 738.56 294.737586 908.8 417.491646
Orange 814.72 227.606379 951.04 313.91817599999996
Orange 846.08 412.377108 954.88 428.36079
Orange 849.92 378.49168499999996 952.32 409.819839
Orange 853.76 374.65556699999996 924.8 398.311485
Orange 888.96 256.376835 1023.36 393.836157
