Orange 133.12 651.519744 192.0 686.079744
Orange 335.36 522.24 433.92 600.320256
Orange 341.76 0.0 407.04 66.560256
Orange 485.12 221.43974400000002 570.88 308.480256
Orange 501.76 512.000256 540.16 567.039744
Orange 505.6 313.599744 596.48 407.04
Orange 572.16 33.279744 642.56 92.16
Orange 601.6 308.480256 689.92 381.44025600000003
Orange 739.84 661.760256 773.12 693.7597440000001
Orange 806.4 665.600256 830.72 702.72
Orange 903.68 655.359744 931.84 680.960256
Orange 919.04 727.040256 976.64 755.199744
Orange 986.88 672.0 1022.72 709.119744
Orange 994.56 680.960256 1018.88 706.5600000000001
