Orange 0.0 104.32 153.64232399999997 389.76
Orange 0.0 1.28 183.729777 190.08
Orange 0.0 609.92 306.003852 991.36
Orange 1.280796 288.0 351.45574200000004 609.92
Orange 148.520163 109.44 282.957708 288.0
Orange 157.482666 0.0 426.356733 127.36
Orange 195.893247 886.4 405.871158 1023.36
Orange 248.38746899999998 641.28 372.581715 744.96
Orange 304.08368099999996 636.16 650.418285 1019.52
Orange 447.48270599999995 1.28 629.93271 153.6
Orange 573.597123 755.2 841.190394 1022.72
Orange 573.597123 113.28 902.6471190000001 403.84
Orange 597.924063 0.0 852.073068 94.08
Orange 697.791369 437.12 983.308623 786.56
Orange 841.190394 0.0 1022.359602 253.44
Orange 846.311532 903.68 972.4259490000001 1014.4
Orange 918.650931 256.64 1022.359602 457.6
Orange 941.0577000000001 791.68 1019.7990329999999 998.4
Orange 965.38464 573.44 1022.359602 824.96
