Orange 0.0 739.2 32.0 777.6
Orange 20.799488 699.200512 73.6 747.200512
Orange 43.200512 728.000512 81.599488 774.4
Orange 84.800512 688.0 123.199488 743.999488
Orange 108.8 732.8 139.199488 787.2
Orange 129.600512 688.0 182.4 760.000512
Orange 166.4 737.599488 184.000512 787.2
Orange 184.000512 688.0 228.800512 750.400512
Orange 201.6 747.200512 231.999488 785.599488
Orange 508.8 732.8 582.4 798.400512
Orange 558.400512 696.000512 609.599488 743.999488
Orange 592.0 743.999488 640.0 792.000512
Orange 612.799488 700.8 672.0 755.2
Orange 636.8 747.200512 668.8 796.8
Orange 664.000512 742.4 696.000512 792.000512
Orange 667.200512 700.8 723.2 747.200512
Orange 684.8 644.799488 745.6 710.4
Orange 707.2 753.599488 772.799488 798.400512
Orange 734.400512 704.0 792.000512 750.400512
Orange 753.599488 644.799488 812.8 708.799488
Orange 760.000512 747.200512 827.200512 796.8
Orange 804.799488 711.999488 843.200512 753.599488
Orange 819.2 660.799488 875.200512 711.999488
Orange 830.400512 743.999488 881.599488 804.799488
Orange 862.400512 720.0 913.599488 758.4
Orange 875.200512 649.6 929.599488 716.8
Orange 884.799488 753.599488 934.4 798.400512
Orange 916.799488 715.200512 956.8 747.200512
Orange 924.8 657.599488 993.599488 716.8
Orange 945.599488 750.400512 995.2 798.400512
Orange 979.2 696.000512 1022.400512 760.000512
Orange 1004.8 635.200512 1022.400512 692.799488
