Orange 12.16 370.332162 151.04 527.9473889999999
Orange 85.12 237.70449 240.0 379.942655
Orange 116.48 115.328648 273.92 256.285505
Orange 129.28 426.714495 293.76 576.641874
Orange 160.0 390.194485 230.4 441.45090300000004
Orange 235.52 281.27306 342.4 415.18204
Orange 235.52 7.688530999999999 364.16 137.753587
Orange 266.24 533.073304 432.64 620.2104439999999
Orange 279.04 153.77130300000002 350.08 241.549097
Orange 302.72 395.31971699999997 368.64 531.7919959999999
Orange 326.4 78.807955 436.48 194.13592
Orange 342.4 201.183797 427.52 263.974036
Orange 352.64 256.285505 466.56 382.505271
Orange 360.32 347.907223 541.44 551.653636
Orange 423.68 592.65959 499.84 634.305515
Orange 456.32 127.50175700000001 625.28 288.961591
Orange 466.56 450.421425 671.36 620.2104439999999
Orange 511.36 241.549097 648.96 394.038409
Orange 511.36 591.378282 695.04 682.359346
Orange 555.52 287.680283 762.88 483.097511
Orange 572.8 0.0 738.56 133.90898
Orange 645.12 441.45090300000004 860.16 654.1678380000001
Orange 651.52 126.220449 842.24 285.116984
Orange 738.56 260.129429 865.92 374.17608600000005
Orange 767.36 378.02069300000005 892.16 476.690288
Orange 775.04 635.587506 901.12 681.718692
Orange 836.48 94.82567099999999 978.56 230.01595899999998
Orange 869.76 415.18204 1023.36 604.192045
Orange 877.44 206.309712 1017.6 362.643631
Orange 904.96 358.79902400000003 1015.04 407.493509
Orange 911.36 533.073304 1021.44 677.874085
Orange 978.56 94.82567099999999 1023.36 205.028404
