Orange 0.0 352.64 109.44 466.56
Orange 0.0 720.0 125.44 961.92
Orange 13.44 230.4 161.92 356.48
Orange 41.6 156.8 125.44 230.4
Orange 67.84 583.68 309.12 812.8
Orange 118.4 872.32 293.12 1017.6
Orange 139.52 94.08 233.6 204.16
Orange 177.92 193.92 454.4 447.36
Orange 225.28 116.48 380.8 232.32
Orange 254.72 46.72 417.28 141.44
Orange 275.84 660.48 533.12 919.68
Orange 314.24 473.6 513.92 667.52
Orange 392.96 347.52 497.92 476.8
Orange 401.92 1.28 454.4 85.12
Orange 412.16 85.12 524.16 199.04
Orange 419.2 846.08 686.72 1023.36
Orange 456.32 371.84 702.72 609.92
Orange 511.36 607.36 772.48 868.48
Orange 535.04 10.24 624.0 37.76
Orange 548.48 58.88 723.84 214.4
Orange 627.2 0.0 681.6 46.72
Orange 676.48 0.0 797.44 85.12
Orange 676.48 812.8 947.84 1023.36
Orange 711.68 37.76 849.92 174.72
Orange 727.04 430.08 947.84 655.36
Orange 765.44 647.04 942.08 830.72
Orange 807.68 146.56 938.88 279.68
Orange 858.24 78.08 979.2 193.92
Orange 902.4 288.0 1023.36 466.56
Orange 907.52 765.44 1023.36 1007.36
Orange 931.84 576.64 1023.36 772.48
Orange 947.84 478.72 1005.44 547.2
