Orange 61.908992 652.54912 138.875904 731.189248
Orange 68.600832 978.823168 130.509824 1022.326784
Orange 192.418816 498.614272 393.202688 679.320576
Orange 214.1696 993.882112 267.712512 1022.326784
Orange 366.431232 527.058944 528.73216 699.399168
Orange 401.568768 871.738368 456.783872 926.954496
Orange 426.667008 1012.287488 468.496384 1022.326784
Orange 426.667008 926.954496 481.882112 987.189248
Orange 445.072384 978.823168 503.63392 1002.248192
Orange 503.63392 612.391936 670.954496 742.90176
Orange 771.346432 614.065152 853.332992 727.842816
Orange 828.235776 619.0848 935.320576 742.90176
Orange 855.006208 898.509824 958.7456 1015.63392
Orange 936.993792 885.124096 1022.326784 1003.921408
