Orange 89.67704 771.2 240.20622400000002 972.16
Orange 92.879392 132.48 187.6815 232.32
Orange 94.801176 17.28 131.312276 115.2
Orange 98.644744 568.32 157.575104 650.24
Orange 99.925312 421.12 197.929772 504.96
Orange 108.893016 352.64 137.07762799999998 424.32
Orange 115.93986799999999 461.44 213.943396 573.44
Orange 130.031708 17.28 266.46905200000003 142.72
Orange 161.418672 583.68 257.501348 652.16
Orange 171.666944 366.72 247.252144 442.24
Orange 204.97569199999998 125.44 352.302524 240.64
Orange 213.943396 447.36 268.390836 515.84
Orange 236.362656 765.44 452.227836 986.24
Orange 256.219848 587.52 355.50487599999997 640.0
Orange 257.501348 361.6 331.16383199999996 437.12
Orange 261.343984 421.12 431.090076 588.8
Orange 287.606812 20.48 420.200588 158.72
Orange 341.41303600000003 967.04 513.07998 1008.64
Orange 366.394364 127.36 513.07998 242.56
Orange 381.767704 587.52 471.444744 652.16
Orange 425.96594 482.56 531.015388 604.8
Orange 434.292428 833.92 534.2186720000001 986.24
Orange 450.306984 392.96 513.07998 478.72
Orange 455.43111999999996 15.36 583.541044 168.96
Orange 476.56888000000004 457.6 557.2782159999999 519.04
Orange 488.73986799999994 599.68 571.370056 652.16
Orange 520.126832 778.24 735.3507960000001 1001.6
Orange 525.2509680000001 135.68 672.576868 247.68
Orange 546.388728 497.92 630.3013480000001 608.0
Orange 567.52742 440.32 613.006224 487.68
Orange 577.775692 592.64 660.406812 647.04
Orange 591.8684639999999 361.6 662.328596 435.2
Orange 597.632884 17.28 751.3653519999999 184.96
Orange 634.143984 440.32 709.0889 550.4
Orange 672.576868 587.52 793.6408720000001 666.24
Orange 678.34222 135.68 817.341632 290.56
Orange 688.5914240000001 819.84 735.3507960000001 981.12
Orange 693.7155600000001 951.04 839.1206080000001 1014.4
Orange 702.683264 366.72 793.6408720000001 456.32
Orange 723.18074 482.56 823.106052 588.8
Orange 739.1943640000001 798.72 835.27704 951.04
Orange 756.4894879999999 25.6 833.99554 174.72
Orange 767.378976 431.36 840.401176 499.84
Orange 793.6408720000001 378.88 835.27704 437.12
Orange 801.968292 583.68 840.401176 636.16
