Orange 0.0 147.200256 40.96 183.03974399999998
Orange 37.12 318.080256 59.52 335.36025600000005
Orange 55.68 686.7202560000001 69.12 695.04
Orange 75.52 680.319744 80.64 692.480256
Orange 79.36 565.119744 92.8 584.960256
Orange 79.36 202.88025599999997 96.64 211.839744
Orange 87.68 143.360256 104.32 164.480256
Orange 115.2 159.35999999999999 127.36 167.04
Orange 132.48 497.91974400000004 158.72 517.760256
Orange 135.04 755.840256 148.48 763.520256
Orange 231.68 734.7202560000001 247.68 739.839744
Orange 338.56 727.6800000000001 369.28 752.000256
Orange 357.12 680.319744 370.56 687.999744
Orange 386.56 715.520256 405.12 736.640256
Orange 618.88 652.8 631.04 663.039744
Orange 787.2 671.360256 809.6 687.999744
