Orange 0.0 594.597789 49.31072 632.360037
Orange 0.0 4.480374 62.758912 101.766144
Orange 0.0 160.650336 117.833728 287.378202
Orange 0.0 404.50535699999995 192.760832 628.519626
Orange 2.562048 0.0 137.686016 83.205318
Orange 3.842048 101.766144 101.823488 169.61045099999998
Orange 3.842048 305.939028 144.090112 432.027564
Orange 50.591744 274.577043 184.435712 392.344794
Orange 55.074816 65.924418 133.202944 136.96854
Orange 108.867584 97.28640299999999 227.982336 244.495617
Orange 121.675776 0.0 172.908544 34.562433
Orange 129.360896 585.6370410000001 238.22848 632.360037
Orange 133.202944 28.161537 294.58432 106.886481
Orange 149.213184 345.621798 344.53504 510.75250800000003
Orange 192.760832 487.070712 350.299136 620.839437
Orange 216.455168 0.0 316.997632 67.204344
Orange 216.455168 103.046703 373.353472 231.05449499999997
Orange 250.396672 609.9588 356.703232 632.360037
Orange 305.470464 330.90075 443.15648 510.75250800000003
Orange 325.323776 28.161537 405.372928 120.96756599999999
Orange 330.446848 126.08790300000001 439.314432 272.017191
Orange 336.850944 0.0 460.447744 35.842359
Orange 356.703232 227.21408399999999 525.768704 376.983783
Orange 357.983232 487.070712 530.891776 632.360037
Orange 405.372928 106.886481 499.51232 232.334421
Orange 411.777024 30.722022 491.8272 110.72689199999999
Orange 423.304192 602.2779780000001 545.620992 632.360037
Orange 459.16672 337.301013 533.453824 459.549138
Orange 463.009792 30.722022 502.073344 90.885507
Orange 494.389248 0.0 621.82912 65.924418
Orange 495.670272 78.084981 648.085504 236.81479499999998
Orange 499.51232 219.533895 537.295872 250.89588
Orange 499.51232 480.67044899999996 651.927552 632.360037
Orange 511.039488 250.89588 578.281472 337.301013
Orange 539.216896 327.060972 718.529536 453.14887500000003
Orange 549.46304 243.215691 708.282368 358.422957
Orange 582.12352 558.115467 743.504896 632.360037
Orange 598.13376 192.01232100000001 704.44032 264.33700200000004
Orange 600.695808 51.843333 683.307008 120.96756599999999
Orange 639.75936 101.766144 759.515136 209.29322100000002
Orange 653.208576 0.0 801.140736 90.885507
Orange 690.992128 380.824194 762.07616 468.509886
Orange 703.159296 97.28640299999999 793.455616 134.408688
Orange 710.844416 302.09925 844.688384 433.30749
Orange 710.844416 145.92928799999999 877.34784 288.658128
Orange 735.819776 523.553034 889.516032 632.360037
Orange 794.73664 14.721048 879.909888 126.08790300000001
Orange 802.42176 360.98280900000003 974.68928 496.03146
Orange 806.263808 0.0 869.663744 46.722996
Orange 838.284288 272.017191 967.645184 376.983783
Orange 924.737536 613.158615 1021.437952 632.360037
Orange 947.151872 409.625694 1023.36 534.433671
Orange 948.432896 512.032434 1023.36 614.438541
Orange 978.531328 231.05449499999997 1023.36 393.62471999999997
