Apple 94.72 144.749836 174.72 230.574918
Apple 96.64 605.258962 171.52 684.0386070000001
Apple 96.64 384.93224000000004 172.8 463.71188499999994
Apple 346.88 606.540382 423.04 684.0386070000001
Apple 347.52 146.030465 424.96 227.372159
Apple 349.44 378.527513 425.6 461.79054600000006
Apple 599.68 147.952595 677.76 229.294289
Apple 599.68 602.696913 677.76 686.600656
Apple 602.88 381.729481 674.56 457.947077
Apple 846.08 603.978333 926.08 686.600656
Apple 847.36 147.952595 924.8 232.49625699999999
Apple 851.84 379.167432 926.08 462.43046499999997
