Orange 344.96 167.04 438.4 229.760064
Orange 0.0 328.959936 88.32 460.160064
Orange 8.32 439.03987199999995 174.72 575.360064
Orange 87.04 305.28000000000003 252.16 474.239808
Orange 167.04 450.559872 316.8 575.360064
Orange 245.76 320.640192 410.88 462.719808
Orange 330.88 460.160064 474.24 575.360064
Orange 403.2 326.400192 533.12 471.680064
Orange 478.08 451.839744 630.4 575.360064
Orange 544.0 323.839872 698.24 462.079872
Orange 638.08 431.360064 768.0 575.360064
Orange 698.24 309.120192 808.32 442.880064
Orange 755.84 439.03987199999995 890.88 572.799744
Orange 808.32 312.95980799999995 952.96 450.559872
Orange 903.04 428.159808 1008.0 574.080192
Orange 952.96 314.24025600000004 1023.36 446.720256
