Orange 368.0 493.989995 398.08 524.103465
Orange 378.24 261.410737 403.2 288.961591
Orange 399.36 245.393021 418.56 271.662567
Orange 418.56 272.943875 444.8 295.368814
Orange 449.28 285.116984 468.48 304.979307
Orange 460.8 559.342167 489.6 579.20449
Orange 462.08 606.755344 481.92 646.479307
Orange 481.92 224.89004400000002 492.16 248.596291
Orange 489.6 285.116984 512.0 315.230454
Orange 496.0 454.265349 594.56 571.515959
Orange 501.76 212.716935 535.68 244.11171299999998
Orange 525.44 315.230454 540.8 331.248853
Orange 535.68 288.961591 570.88 315.230454
Orange 540.8 335.092777 568.32 358.79902400000003
Orange 556.8 111.484041 598.4 155.05261099999998
Orange 654.72 438.888287 752.0 531.7919959999999
Orange 703.36 98.669595 800.0 196.699219
Orange 718.08 375.45807699999995 748.16 413.900732
Orange 732.16 358.79902400000003 755.84 379.942655
Orange 761.6 315.230454 792.96 342.78130799999997
Orange 768.0 295.368814 792.96 316.512445
Orange 844.16 415.18204 870.4 438.888287
Orange 863.36 141.597511 894.08 177.47755
Orange 867.84 299.212738 889.6 328.685554
Orange 879.36 559.342167 1016.96 675.311469
Orange 887.04 387.631186 925.44 413.900732
Orange 913.28 401.72694 934.4 426.714495
Orange 926.72 137.753587 958.08 174.914934
Orange 992.0 505.52245 1020.8 588.1743290000001
Orange 1011.84 276.14714499999997 1023.36 319.075061
