Orange 370.887454 656.0 452.239802 712.96
Orange 165.90686 613.76 234.447157 645.12
Orange 165.90686 645.12 236.368727 692.48
Orange 231.24431399999997 602.88 267.75686 655.36
Orange 236.368727 650.24 265.834611 699.52
Orange 265.834611 594.56 315.158529 660.48
Orange 267.75686 657.28 339.5 712.96
Orange 297.22274400000003 576.64 329.251174 604.8
Orange 320.282942 581.76 365.763041 625.92
Orange 336.29715699999997 608.0 393.948331 652.16
Orange 339.5 666.24 355.514215 704.64
Orange 402.27558700000003 608.0 472.737454 662.4
