Orange 46.108672 629.76 261.282816 762.24
Orange 268.967936 526.08 414.979072 681.5999999999999
Orange 413.058048 614.4000000000001 476.457984 670.08
Orange 447.639552 209.28000000000003 633.996288 368.64
Orange 468.772864 508.79999999999995 626.311168 660.48
Orange 609.020928 583.6800000000001 739.661824 733.4399999999999
Orange 657.050624 468.48 787.692544 604.8
Orange 853.013504 238.07999999999998 954.836992 328.32
Orange 853.013504 437.76 1000.945664 547.2
Orange 927.939584 311.04 1022.078976 449.28
