Orange 132.48 281.79774 167.68 304.213788
Orange 137.6 260.662824 160.0 285.640452
Orange 163.84 336.876156 184.96 364.416048
Orange 167.68 240.80903999999998 191.36 268.348248
Orange 175.36 532.2135599999999 192.64 548.224632
Orange 179.2 505.95480000000003 199.04 528.370848
Orange 183.04 199.17943200000002 215.04 225.438192
Orange 188.8 443.19095999999996 211.2 463.044744
Orange 215.04 415.65175200000004 234.24 445.75253999999995
Orange 215.04 343.281132 242.56 364.416048
Orange 216.32 309.336948 251.52 339.43842
Orange 222.72 293.325876 247.68 313.17966
Orange 231.68 449.59525199999996 261.76 469.44972
Orange 240.0 209.42712 267.52 226.719324
Orange 250.24 335.595708 282.88 359.292204
Orange 279.04 466.887456 312.96 502.112088
Orange 285.44 356.730624 310.4 384.269832
Orange 289.92 319.583952 322.56 352.247004
Orange 291.2 450.876384 312.96 474.57288
Orange 321.28 352.247004 350.08 372.100788
Orange 326.4 447.03367199999997 353.92 489.303504
Orange 330.24 309.336948 357.76 336.876156
Orange 361.6 265.786668 392.96 299.730168
Orange 364.16 422.056044 401.28 453.43796399999997
Orange 377.6 368.25876000000005 392.96 391.955256
Orange 392.96 280.51660799999996 421.12 301.651524
Orange 396.16 289.483164 436.48 309.336948
Orange 403.84 374.66305200000005 415.36 402.20225999999997
Orange 424.96 360.573336 435.2 380.42712
Orange 436.48 439.34824799999996 466.56 478.415592
Orange 491.52 461.764296 506.24 489.303504
Orange 507.52 447.03367199999997 526.08 469.44972
Orange 522.88 434.22440400000005 550.4 465.607008
Orange 535.04 466.887456 562.56 482.258304
Orange 550.4 434.22440400000005 577.28 463.044744
Orange 562.56 394.516836 584.96 415.65175200000004
Orange 566.4 415.65175200000004 581.12 429.741468
Orange 604.8 420.134688 633.6 451.516608
