Orange 0.0 429.395088 83.84 696.886884
Orange 0.0 179.821564 131.2 447.95296999999994
Orange 0.0 5.759554 178.56 209.897788
Orange 72.96 366.041526 241.92 603.457098
Orange 119.04 170.862428 250.88 346.203658
Orange 152.32 431.95506 467.2 750.0013240000001
Orange 172.16 170.862428 463.36 431.95506
Orange 355.2 243.17436 686.72 552.901864
Orange 423.68 147.184602 629.76 247.014318
Orange 469.12 543.943494 593.92 607.29629
Orange 587.52 421.076328 914.56 740.402578
Orange 602.24 174.70162 879.36 437.07423800000004
Orange 816.0 357.722766 1023.36 614.97544
