Orange 3.2 435.200256 112.0 504.0
Orange 7.999488 193.599744 65.599488 275.199744
Orange 14.399488 340.79999999999995 86.4 435.200256
Orange 27.200512 81.6 107.199488 164.799744
Orange 56.000512 159.999744 145.600512 252.800256
Orange 73.6 278.4 148.800512 377.600256
Orange 81.599488 513.5999999999999 128.0 603.2002560000001
Orange 83.2 382.400256 187.199488 478.400256
Orange 86.4 595.2 187.199488 715.2
Orange 110.400512 75.200256 227.2 198.399744
Orange 112.0 236.79974400000003 222.399488 327.99974399999996
Orange 128.0 324.800256 252.8 444.800256
Orange 148.800512 484.79999999999995 256.0 614.4000000000001
Orange 164.800512 177.60000000000002 262.4 231.999744
Orange 180.800512 39.999744 273.600512 128.000256
Orange 193.600512 366.399744 305.600512 484.79999999999995
Orange 195.2 657.5999999999999 289.600512 734.4000000000001
Orange 211.2 555.2002560000001 340.799488 694.400256
Orange 216.000512 255.999744 304.0 336.0
Orange 236.8 116.799744 323.2 214.400256
Orange 270.399488 457.599744 380.8 582.399744
Orange 276.799488 0.0 331.200512 110.39999999999999
Orange 302.399488 187.2 398.399488 316.79999999999995
Orange 307.2 331.20000000000005 374.4 408.0
Orange 307.2 659.199744 428.8 761.600256
Orange 326.4 11.199744 443.200512 166.400256
Orange 336.0 8.000256 440.000512 132.800256
Orange 364.8 340.79999999999995 505.6 465.59999999999997
Orange 368.0 161.600256 448.0 270.399744
Orange 369.600512 456.0 484.799488 518.4000000000001
Orange 406.4 510.39974400000006 499.2 656.000256
Orange 440.000512 52.800000000000004 556.8 174.399744
Orange 440.000512 636.800256 560.0 766.400256
Orange 443.200512 153.60000000000002 556.8 286.400256
Orange 491.200512 0.0 596.799488 60.800256000000005
Orange 491.200512 398.40000000000003 598.4 526.400256
Orange 502.4 14.399999999999999 593.599488 46.400256
Orange 537.6 480.0 697.6 638.4000000000001
Orange 547.2 318.399744 676.799488 456.0
Orange 585.6 152.000256 721.599488 270.399744
Orange 601.6 0.0 731.200512 48.0
Orange 611.2 595.2 764.8 744.0
Orange 652.8 20.799744 788.799488 172.8
Orange 664.000512 388.79999999999995 801.599488 532.8
Orange 679.999488 240.0 822.4 395.199744
Orange 707.2 422.40000000000003 884.799488 587.199744
Orange 761.6 532.8 950.4 692.7997439999999
Orange 768.0 692.7997439999999 921.6 766.400256
Orange 772.799488 94.400256 942.400512 264.0
Orange 809.6 320.00025600000004 939.200512 484.79999999999995
Orange 876.8 0.0 1011.2 110.39999999999999
Orange 907.200512 262.400256 1022.400512 460.79999999999995
Orange 913.599488 468.800256 1022.400512 619.2
Orange 923.200512 118.400256 1022.400512 278.4
Orange 923.200512 617.600256 1022.400512 759.999744
