Orange 72.96 251.800244 279.68 446.576818
Orange 398.08 82.651879 540.8 271.662567
Orange 401.92 576.641874 523.52 679.155393
Orange 505.6 185.166081 548.48 288.961591
Orange 508.16 387.631186 572.16 497.83391900000004
Orange 536.96 610.599268 604.16 682.359346
Orange 560.64 155.05261099999998 599.68 271.662567
Orange 592.0 173.63294299999998 673.28 296.650122
Orange 634.24 228.734651 737.92 350.469839
Orange 835.84 371.61346999999995 933.12 525.384773
Orange 960.64 505.52245 1023.36 602.910737
