Orange 0.0 0.0 129.92 273.327721
Orange 0.0 279.72947999999997 193.28 574.820996
Orange 88.32 0.0 343.04 56.969713
Orange 119.68 51.849261999999996 405.76 344.38021100000003
Orange 143.36 567.139978 531.84 682.360029
Orange 198.4 303.413188 520.96 555.617768
Orange 375.04 80.014133 728.32 416.073355
Orange 405.76 0.0 748.16 123.54172299999999
Orange 504.32 419.27389300000004 848.0 682.360029
Orange 686.72 72.332432 976.64 417.353297
Orange 779.52 391.109022 981.76 618.348586
Orange 812.16 0.0 1023.36 173.470389
Orange 885.76 555.617768 1023.36 682.360029
Orange 949.12 228.52018900000002 1023.36 560.738219
