Orange 332.16 421.58926299999996 435.84 533.073304
Orange 0.0 449.139434 55.68 500.396535
Orange 0.0 610.599268 123.52 682.359346
Orange 0.64 476.690288 37.12 531.7919959999999
Orange 35.84 461.313226 96.0 500.396535
Orange 76.16 430.559102 123.52 472.84636400000005
Orange 114.56 505.52245 249.6 610.599268
Orange 122.24 596.503514 204.8 682.359346
Orange 151.04 595.222206 323.2 682.359346
Orange 214.4 387.631186 261.12 441.45090300000004
Orange 220.8 411.337433 316.8 477.971596
Orange 228.48 452.984041 343.04 537.5578820000001
Orange 253.44 517.696242 370.56 606.755344
Orange 295.68 394.038409 352.0 442.732894
Orange 299.52 575.360566 398.08 659.293753
Orange 348.16 595.222206 492.16 682.359346
Orange 391.04 529.228697 478.08 568.953343
Orange 425.6 556.779551 547.2 627.898975
Orange 433.28 465.157833 528.0 555.498243
Orange 496.0 616.3658369999999 623.36 682.359346
Orange 529.28 438.888287 634.24 541.4024890000001
Orange 555.52 525.384773 663.04 610.599268
Orange 594.56 411.337433 650.88 458.75061
Orange 627.2 411.337433 714.24 485.01947299999995
Orange 639.36 454.265349 752.0 560.624158
Orange 694.4 387.631186 741.76 445.29551000000004
Orange 704.64 638.150122 824.32 682.359346
Orange 718.08 541.4024890000001 789.12 604.192045
Orange 724.48 441.45090300000004 819.2 517.696242
Orange 748.16 501.67852600000003 838.4 563.827428
Orange 759.68 559.342167 887.04 674.030161
Orange 795.52 419.02596400000004 875.52 496.552611
Orange 830.72 486.301464 925.44 572.797267
Orange 855.68 407.493509 914.56 466.43914099999995
Orange 867.84 543.965105 972.8 658.0124450000001
Orange 889.6 435.044363 968.32 512.570327
Orange 895.36 642.635383 1004.16 682.359346
Orange 926.72 481.816203 1023.36 586.893021
Orange 976.64 572.797267 1023.36 658.0124450000001
