Orange 0.0 420.03736 144.0 573.70988
Orange 171.52 451.41256000000004 337.92 618.5314
Orange 267.52 348.96443999999997 424.96 512.24128
Orange 391.68 353.44631999999996 507.52 506.47828
Orange 439.04 522.48616 545.28 660.1508
Orange 621.44 644.78348 647.68 663.9928
Orange 692.48 514.80216 723.84 550.01868
Orange 750.08 437.32568 778.88 464.85888
Orange 757.76 459.73644 773.76 488.55008
Orange 810.24 373.93608 830.08 397.62728
Orange 853.76 427.72135999999995 877.44 445.00967999999995
Orange 865.92 408.51204 885.12 425.1598
Orange 885.12 346.40288 907.52 358.56876
Orange 887.68 400.18816000000004 901.12 413.63448
Orange 899.84 366.25208000000003 908.8 382.25996
