Orange 108.16 195.85707000000002 138.88 248.34162
Orange 108.16 88.96752 143.36 124.17081
Orange 184.96 232.34004 229.12 281.62446
Orange 237.44 81.28665 275.84 113.28980999999999
Orange 248.32 291.22485 284.8 339.22959000000003
Orange 267.52 103.68849 315.52 138.25194000000002
Orange 270.72 57.60513 309.12 100.48836
Orange 281.6 284.82459 329.6 328.34859
Orange 296.32 42.88323 344.32 81.28665
Orange 323.2 3.20013 362.88 36.48297
Orange 471.68 170.2551 540.16 215.05878
Orange 482.56 543.4064400000001 520.96 595.89099
Orange 506.24 509.48375999999996 554.24 558.76818
Orange 595.84 662.45667 629.12 720.0618
Orange 659.2 791.74806 691.2 819.91032
Orange 678.4 414.11598000000004 724.48 458.91966
Orange 691.2 380.83313999999996 739.2 418.59578999999997
Orange 726.4 261.14214 773.76 310.42656
Orange 835.84 819.91032 872.96 867.91506
Orange 944.64 860.23419 992.0 903.11742
Orange 945.92 725.82222 985.6 771.90651
