Orange 324.267008 241.78199999999998 339.968 280.03
Orange 355.668992 323.05899999999997 395.264 355.843
Orange 462.164992 342.866 484.692992 374.28400000000005
Orange 480.596992 291.641 509.268992 311.44800000000004
Orange 492.203008 370.18600000000004 516.096 402.287
Orange 493.568 316.22900000000004 527.700992 351.062
Orange 497.664 210.364 523.604992 245.88
Orange 505.172992 359.94100000000003 531.796992 382.48
Orange 509.268992 174.848 551.595008 208.998
Orange 529.067008 224.70700000000002 560.468992 253.393
Orange 591.872 123.62299999999999 639.659008 165.286
Orange 729.088 512.25 752.299008 553.23
Orange 752.299008 521.812 785.067008 571.6709999999999
Orange 776.192 307.35 791.892992 344.232
Orange 808.96 303.252 848.555008 336.036
Orange 815.104 358.575 861.524992 396.14
Orange 871.083008 364.03900000000004 895.659008 398.18899999999996
Orange 929.792 338.768 957.780992 379.74800000000005
Orange 942.763008 217.877 974.848 260.223
