Orange 277.12 206.720256 293.12 240.0
Orange 332.8 183.03974399999998 343.68 206.720256
Orange 340.48 251.52 348.8 274.56
Orange 376.32 170.88 396.16 188.16
Orange 403.2 195.20025599999997 416.0 215.04000000000002
Orange 426.88 183.03974399999998 442.88 215.04000000000002
Orange 438.4 271.359744 470.4 289.92
Orange 446.72 108.80025599999999 467.84 135.68025599999999
Orange 451.84 258.560256 471.68 278.4
Orange 471.68 295.68 483.84 327.03974400000004
Orange 491.52 112.640256 506.24 144.639744
Orange 522.24 349.44 543.36 370.56
Orange 523.52 48.0 537.6 71.679744
Orange 549.76 119.679744 563.2 144.639744
Orange 561.92 329.600256 573.44 343.040256
Orange 561.92 167.04 578.56 190.719744
Orange 561.92 220.160256 581.76 242.55974399999997
Orange 565.76 343.040256 581.76 365.439744
Orange 574.72 251.52 598.4 282.24
Orange 577.28 132.48 597.12 160.640256
Orange 581.76 80.000256 593.28 107.52000000000001
Orange 586.88 168.320256 618.24 199.040256
Orange 606.72 32.000256 613.12 56.319744
Orange 613.12 65.28 622.72 80.000256
Orange 630.4 164.480256 661.12 188.16
Orange 641.28 238.71974400000002 654.08 266.240256
Orange 642.56 224.000256 654.08 236.16
Orange 645.12 481.91999999999996 661.12 517.760256
Orange 657.92 238.71974400000002 673.92 266.240256
Orange 661.12 61.44 676.48 88.959744
Orange 670.08 220.160256 672.64 234.87974400000002
Orange 680.96 163.2 712.32 180.48
Orange 697.6 120.96000000000001 709.76 147.200256
Orange 728.32 226.56 737.28 243.84
Orange 729.6 500.480256 749.44 532.479744
Orange 757.12 462.08025599999996 776.96 497.91974400000004
Orange 761.6 595.839744 771.84 611.840256
Orange 783.36 522.24 807.04 543.36
Orange 784.0 195.20025599999997 795.52 218.88
Orange 785.28 226.56 801.28 240.0
Orange 792.96 377.600256 807.68 406.400256
Orange 795.52 565.119744 812.8 595.839744
Orange 843.52 29.439743999999997 856.32 63.99974400000001
Orange 855.04 199.040256 864.64 215.04000000000002
Orange 856.32 91.52025599999999 872.32 108.80025599999999
Orange 859.52 160.640256 880.64 192.0
Orange 863.36 226.56 876.16 251.52
Orange 872.32 111.35999999999999 883.2 124.80000000000001
Orange 874.88 465.920256 904.32 484.479744
Orange 876.16 334.08 890.88 355.20000000000005
Orange 884.48 230.39999999999998 899.2 254.720256
Orange 887.04 49.280256 900.48 69.12
Orange 887.04 375.03974400000004 900.48 397.43999999999994
Orange 888.32 168.320256 908.16 188.16
Orange 896.0 327.03974400000004 914.56 349.44
Orange 903.04 259.839744 915.84 279.680256
Orange 904.32 408.96 919.04 428.799744
Orange 906.88 179.199744 926.72 202.88025599999997
Orange 906.88 453.12 938.88 468.48
Orange 919.04 266.240256 931.84 286.08
Orange 920.32 215.04000000000002 928.0 246.399744
Orange 922.88 426.24 935.68 446.079744
Orange 935.68 216.320256 947.84 240.0
Orange 935.68 270.080256 954.24 295.68
Orange 940.16 401.28 954.24 421.11974399999997
Orange 940.16 275.840256 958.72 299.52
Orange 947.84 442.23974400000003 962.56 458.24025599999993
Orange 954.24 314.240256 970.24 337.92
Orange 955.52 460.79999999999995 970.24 492.800256
Orange 963.84 369.279744 978.56 390.39974400000006
Orange 991.36 170.88 1003.52 195.20025599999997
Orange 1002.24 175.359744 1015.04 190.719744
Orange 1003.52 278.4 1013.76 303.36
