Orange 370.56 565.694168 448.0 651.541252
Orange 0.0 612.4619680000001 71.04 659.8696239999999
Orange 46.72 554.162576 119.68 618.868408
Orange 72.32 616.305832 152.32 652.82254
Orange 80.64 493.300608 164.48 567.6161
Orange 120.96 554.162576 202.24 624.6342040000001
Orange 160.64 533.661968 229.76 594.523936
Orange 168.32 618.868408 221.44 664.994776
Orange 255.36 623.352916 328.32 659.8696239999999
Orange 290.56 555.443864 359.68 628.478068
Orange 332.8 616.305832 408.32 659.8696239999999
Orange 347.52 514.4426480000001 412.16 578.5070479999999
Orange 421.76 627.19678 481.28 659.8696239999999
Orange 483.2 534.943256 518.4 582.350912
Orange 483.2 575.944472 522.24 645.134812
Orange 485.76 513.160572 531.84 574.663184
Orange 507.52 623.352916 554.88 657.307048
Orange 554.88 595.8052240000001 591.36 640.650304
Orange 562.56 631.040644 613.12 659.8696239999999
Orange 574.72 545.834204 616.96 591.96136
Orange 613.12 590.6792839999999 676.48 647.697388
Orange 640.0 632.962576 677.76 656.02576
Orange 653.44 590.6792839999999 710.4 643.853524
Orange 694.4 631.040644 741.76 659.8696239999999
Orange 727.04 591.96136 779.52 645.134812
