Orange 407.68 686.72 563.84 801.28
Orange 84.48 510.08 204.8 641.28
Orange 278.4 624.0 399.36 757.12
Orange 294.4 571.52 394.24 655.36
Orange 309.76 508.8 420.48 597.76
Orange 406.4 540.16 509.44 652.16
Orange 595.2 431.36 700.16 552.32
Orange 650.88 736.0 761.6 877.44
Orange 663.04 398.08 715.52 473.6
Orange 682.88 471.68 814.08 592.64
Orange 709.12 368.64 794.24 476.8
Orange 747.52 337.28 805.12 373.76
Orange 787.84 321.28 903.04 457.6
Orange 803.2 442.24 929.28 581.76
Orange 888.96 373.76 939.52 471.68
