Orange 709.12 103.79551 819.84 220.405466
Orange 161.92 133.90898 252.16 226.17135199999998
Orange 163.2 99.950903 228.48 165.303758
Orange 174.72 169.789019 289.28 291.524207
Orange 244.48 114.046657 300.8 157.615227
Orange 275.84 126.220449 348.16 192.854612
Orange 283.52 162.741142 405.76 277.428453
Orange 312.32 241.549097 450.56 346.62591499999996
Orange 354.56 123.657833 409.6 182.603465
Orange 417.28 157.615227 519.68 271.662567
Orange 485.76 83.933187 595.84 202.465105
Orange 523.52 186.447389 630.4 296.650122
Orange 592.0 92.26237200000001 698.24 208.87232799999998
Orange 631.68 220.405466 748.16 335.092777
Orange 741.76 222.32742800000003 878.08 351.75114700000006
Orange 823.04 189.010005 874.24 252.440898
