Orange 25.6 404.884464 243.84 587.466693
Orange 116.48 598.998066 250.24 680.359179
Orange 151.68 0.0 348.8 158.237841
Orange 188.8 173.613459 285.44 264.584163
Orange 291.2 288.28773 456.32 459.97940700000004
Orange 305.28 428.588031 506.24 626.545878
Orange 328.96 121.08111900000002 494.08 282.522384
Orange 352.64 7.046988 503.68 124.924683
Orange 403.84 583.622448 604.8 680.359179
Orange 482.56 0.0 633.6 105.705501
Orange 506.24 184.504011 645.12 270.99033000000003
Orange 552.96 238.317993 770.56 426.02542800000003
Orange 617.6 563.7631259999999 830.08 680.359179
Orange 645.12 42.281928 759.04 164.644689
Orange 696.32 388.868025 837.76 540.059559
Orange 742.4 0.0 888.96 79.43933100000001
Orange 769.92 221.020593 880.0 337.617327
Orange 840.96 507.38654099999997 1023.36 642.561636
Orange 856.32 622.701633 1023.36 680.359179
Orange 938.88 0.0 986.24 71.110701
Orange 993.92 51.891519 1023.36 196.03606499999998
