Orange 16.0 270.4923 159.200256 388.933155
Orange 145.600512 289.69902 208.799744 368.926155
Orange 165.600256 303.30378 208.799744 368.926155
Orange 169.6 330.512715 257.600512 412.94097
Orange 281.6 287.29818 371.2 384.931755
Orange 301.599744 250.485885 387.2 293.70042
Orange 317.599744 342.516915 367.200256 384.931755
Orange 348.000256 299.30237999999997 407.199744 394.535115
Orange 384.799744 279.29538 416.0 305.70462000000003
Orange 404.799488 204.069645 507.200512 285.69762
Orange 407.199744 263.28978 545.599488 398.53651499999995
Orange 490.399744 246.484485 555.200512 307.30518
Orange 521.6 309.70602 622.400512 404.93817
Orange 561.599488 263.28978 672.0 390.53371500000003
Orange 574.400512 184.062645 705.599488 297.70182
Orange 675.999744 271.29258 763.200512 354.521115
Orange 681.6 333.713835 728.000512 409.73985
Orange 732.8 317.70882 856.000512 408.93957
Orange 748.8 291.29958 803.2 321.71022
Orange 828.000256 293.70042 851.999744 386.532315
Orange 835.999744 277.69482 959.200256 402.53733
