Orange 88.000512 116.731802 127.200256 160.705798
Orange 112.0 103.93884600000001 161.600512 156.70791400000002
Orange 236.000256 315.01511800000003 268.8 345.397536
Orange 242.400256 256.649558 280.800256 299.024946
Orange 270.399488 301.42354 315.200512 351.794014
Orange 382.399488 222.269938 421.600256 268.64252799999997
Orange 435.2 279.036208 486.4 329.406682
Orange 480.0 90.347268 519.199744 131.92267
Orange 481.600512 55.167662 526.400512 83.95079
Orange 519.199744 102.340238 571.200512 154.30931999999999
Orange 571.200512 327.808074 624.0 380.57646
Orange 591.200256 375.77927200000005 640.0 426.149746
Orange 613.600256 283.034092 672.799744 335.80316
Orange 640.0 358.18981 691.2 406.960994
Orange 655.200256 189.488926 711.999488 246.255878
Orange 681.6 386.173634 730.399744 445.338498
Orange 705.599488 184.69173800000002 745.6 215.07415600000002
Orange 709.600256 209.476982 750.400512 256.649558
