Orange 250.000384 215.00006399999998 323.999744 284.00025600000004
Orange 316.000256 272.00025600000004 350.000128 322.000128
Orange 346.000384 244.99968 389.000192 291.99974399999996
Orange 414.000128 237.00019199999997 451.00032 289.999872
Orange 433.000448 317.999616 465.999872 354.000384
Orange 490.999808 310.000128 526.000128 337.999872
Orange 618.999808 455.00006399999995 684.000256 495.99974399999996
Orange 700.99968 116.00025600000001 755.999744 175.00032000000002
Orange 817.999872 75.999744 856.999936 135.999744
Orange 833.000448 135.999744 887.000064 191.000064
Orange 862.999552 200.000256 919.000064 243.999744
Orange 942.000128 228.99993600000002 1006.999552 274.000128
Orange 945.999872 503.00006399999995 999.000064 551.000064
Orange 970.999808 388.99968 1022.999552 455.00006399999995
Orange 995.999744 182.999808 1022.999552 237.00019199999997
