Orange 392.96 524.103465 460.16 596.503514
Orange 460.16 279.99175199999996 542.72 340.21869200000003
Orange 565.12 438.888287 578.56 458.75061
Orange 588.8 5.125915 643.84 31.394778
Orange 588.8 256.285505 645.12 295.368814
Orange 592.64 449.139434 609.92 466.43914099999995
Orange 632.32 422.87057100000004 648.96 446.576818
Orange 643.84 450.421425 668.8 472.84636400000005
Orange 684.8 474.127672 700.16 504.24114199999997
Orange 695.04 456.828648 718.72 481.816203
Orange 714.88 130.065056 763.52 181.321474
Orange 798.72 130.065056 822.4 171.070327
Orange 848.64 35.239385 923.52 82.651879
Orange 852.48 374.81742299999996 908.16 408.774817
