Orange 314.88 140.18438400000002 645.12 324.537012
Orange 0.0 288.05046899999996 88.96 334.778597
Orange 0.0 218.278604 117.76 316.855994
Orange 0.0 83.214671 155.52 273.327721
Orange 0.0 319.415878 168.96 387.26783
Orange 0.0 553.057201 184.96 682.360029
Orange 0.0 383.427321 326.4 489.68572900000004
Orange 15.36 35.846572 171.52 90.895689
Orange 17.92 33.286005 152.96 108.179004
Orange 86.4 489.68572900000004 360.32 553.057201
Orange 92.8 0.0 222.72 32.00538
Orange 128.0 32.00538 242.56 173.470389
Orange 132.48 579.301476 302.72 666.9973100000001
Orange 147.84 238.12180299999997 376.32 462.161512
Orange 202.88 524.252359 487.68 576.741592
Orange 218.88 0.0 342.4 39.687081
Orange 227.84 19.843199 328.96 181.15209000000002
Orange 243.84 543.455587 566.4 682.360029
Orange 286.72 39.687081 384.0 185.63257
Orange 336.64 0.0 419.2 63.371472000000004
Orange 381.44 437.196496 695.04 588.263119
Orange 400.0 574.820996 675.2 682.360029
Orange 407.68 4.48048 517.76 154.907132
Orange 460.16 4.48048 695.04 154.907132
Orange 490.24 158.10767 801.28 398.150069
Orange 535.04 352.061912 860.16 521.051821
Orange 593.92 43.52759 755.2 131.863395
Orange 675.2 489.68572900000004 868.48 682.360029
Orange 698.88 375.746303 1006.08 677.2388950000001
Orange 716.16 60.810905000000005 928.64 135.703904
Orange 766.08 143.38492200000002 927.36 382.147379
Orange 818.56 122.261781 1021.44 344.38021100000003
Orange 822.4 0.0 936.32 76.173624
Orange 877.44 327.097579 1023.36 643.312919
Orange 928.64 16.00269 1013.76 149.785998
Orange 935.04 622.1890950000001 1023.36 682.360029
