Orange 167.04 226.56 244.48 300.159744
Orange 261.76 682.880256 301.44 714.8797440000001
Orange 281.6 651.519744 282.88 684.159744
Orange 291.2 421.11974399999997 338.56 460.79999999999995
Orange 291.2 353.919744 350.72 406.400256
Orange 305.92 644.480256 341.12 686.7202560000001
Orange 317.44 21.759744 382.08 80.000256
Orange 318.72 458.24025599999993 366.72 485.76
Orange 322.56 397.43999999999994 360.96 442.23974400000003
Orange 345.6 242.55974399999997 444.8 318.080256
Orange 370.56 465.920256 421.76 509.43974399999996
Orange 378.24 343.040256 408.96 370.56
Orange 392.96 307.20000000000005 446.08 370.56
Orange 448.64 32.000256 515.84 97.28025600000001
Orange 484.48 115.839744 571.52 195.20025599999997
Orange 497.28 329.600256 549.12 390.39974400000006
Orange 499.84 184.32 555.52 215.04000000000002
Orange 519.68 414.72 568.96 453.12
Orange 587.52 508.160256 618.88 532.479744
Orange 616.32 541.4399999999999 664.32 588.800256
Orange 616.32 375.03974400000004 674.56 426.24
Orange 623.36 593.28 654.72 632.960256
Orange 648.32 449.91974400000004 699.52 501.75974400000007
Orange 670.72 508.160256 699.52 540.159744
Orange 678.4 579.84 707.84 613.119744
Orange 679.68 541.4399999999999 739.2 588.800256
Orange 699.52 453.12 763.52 509.43974399999996
