Orange 0.0 395.589502 44.8 583.142668
Orange 0.0 295.73217 64.64 425.674969
Orange 0.0 68.491923 102.4 299.572679
Orange 0.0 5.761105 158.08 99.857332
Orange 33.28 204.835798 273.28 395.589502
Orange 37.12 343.10026899999997 308.48 590.823686
Orange 126.08 12.162181 362.24 222.11911299999997
Orange 143.36 0.0 330.88 33.286005
Orange 214.4 493.52692099999996 430.72 682.360029
Orange 259.84 312.37483100000003 442.24 488.405787
Orange 303.36 127.382232 528.0 316.855994
Orange 312.32 12.162181 450.56 145.945489
Orange 324.48 602.985867 547.2 682.360029
Orange 389.76 0.0 525.44 56.969713
Orange 391.04 347.58074899999997 636.16 588.903773
Orange 449.28 51.849261999999996 661.76 248.36338800000001
Orange 458.24 245.803504 647.04 382.147379
Orange 548.48 535.773886 791.68 682.360029
Orange 552.96 0.0 768.0 106.89906199999999
Orange 611.84 149.785998 812.16 355.902421
Orange 639.36 363.584122 858.24 574.820996
Orange 700.8 615.788019 958.08 682.360029
Orange 737.92 0.0 964.48 190.753704
Orange 796.8 539.615078 985.6 674.678328
Orange 820.48 169.62987999999999 1023.36 375.746303
Orange 858.24 338.61978899999997 1023.36 586.9831770000001
Orange 889.6 0.0 1020.8 112.01951299999999
Orange 946.56 118.420589 1023.36 194.59421300000002
Orange 976.64 647.153428 1023.36 682.360029
