Orange 49.28 360.217914 137.6 422.92033
Orange 58.88 429.31868000000003 136.32 462.589393
Orange 172.8 295.5967 321.28 358.938244
Orange 202.88 328.866706 346.24 426.75934
Orange 212.48 391.56912199999994 305.28 462.589393
Orange 337.92 307.752858 405.12 383.891102
Orange 350.08 378.773129 436.48 472.82604599999996
Orange 474.88 295.5967 586.24 382.611432
Orange 506.24 364.056924 562.56 449.15285800000004
Orange 542.72 382.611432 608.64 421.64066
Orange 577.28 401.806482 652.8 457.47071300000005
Orange 578.56 309.032528 663.68 399.24714200000005
Orange 643.84 387.730112 702.72 431.23818500000004
Orange 663.68 312.871538 785.28 417.80165
Orange 667.52 394.128462 762.24 480.50406599999997
Orange 782.72 387.730112 893.44 500.338244
