Orange 479.36 381.44025600000003 648.32 586.239744
Orange 0.0 389.120256 72.96 496.640256
Orange 0.0 624.639744 107.52 767.360256
Orange 0.0 124.80000000000001 119.04 267.519744
Orange 3.84 262.400256 144.0 401.28
Orange 69.12 393.59999999999997 163.84 489.59999999999997
Orange 88.96 413.43974399999996 250.24 540.159744
Orange 122.88 136.959744 230.4 234.87974400000002
Orange 156.16 45.440256 295.04 192.0
Orange 179.84 218.88 414.08 424.959744
Orange 195.84 513.920256 334.72 660.48
Orange 297.6 101.12025600000001 370.56 184.32
Orange 342.4 557.439744 412.8 668.16
Orange 376.96 123.519744 587.52 330.879744
Orange 401.92 553.599744 587.52 746.2402559999999
Orange 417.92 315.519744 575.36 433.280256
Orange 533.12 57.599999999999994 658.56 254.720256
Orange 575.36 581.1202559999999 640.0 692.480256
Orange 583.68 247.68 652.16 389.120256
