Orange 51.84 211.839744 83.2 240.0
Orange 64.64 378.879744 100.48 406.400256
Orange 112.64 355.20000000000005 148.48 390.39974400000006
Orange 218.24 286.08 255.36 321.920256
Orange 230.4 556.160256 251.52 593.28
Orange 302.72 557.439744 341.12 595.839744
Orange 318.72 712.3199999999999 346.88 759.680256
Orange 337.28 747.519744 362.24 763.520256
Orange 354.56 541.4399999999999 366.72 573.440256
Orange 396.8 271.359744 417.92 314.240256
Orange 547.84 83.840256 571.52 112.640256
Orange 552.96 97.28025600000001 575.36 140.799744
Orange 663.68 502.400256 684.8 531.84
Orange 678.4 196.47974399999998 704.0 234.87974400000002
Orange 691.84 226.56 734.08 266.240256
Orange 759.04 417.27974399999994 778.88 448.640256
Orange 762.24 397.43999999999994 778.88 421.11974399999997
Orange 869.12 25.599744 894.08 49.280256
Orange 922.24 156.800256 945.92 184.32
Orange 926.08 123.519744 945.92 152.31974400000001
Orange 988.16 496.640256 1009.28 543.999744
Orange 989.44 302.079744 1005.44 323.199744
Orange 1001.6 275.840256 1021.44 318.080256
