Orange 108.8 593.43498 232.96 715.707225
Orange 110.08 475.0038 227.84 587.03346
Orange 124.8 716.987835 243.2 764.359695
Orange 136.96 162.60227999999998 252.8 269.510265
Orange 174.08 115.23042000000001 249.6 171.56502
Orange 189.44 59.535360000000004 268.16 130.593915
Orange 211.84 0.0 298.88 55.694295000000004
Orange 215.04 527.4981 325.76 644.64867
Orange 219.52 213.81597000000002 339.84 289.995435
Orange 225.28 644.64867 350.08 760.51863
Orange 248.96 135.075285 338.56 217.657035
Orange 268.16 91.543725 343.68 138.91635
Orange 284.16 40.97034 347.52 99.225855
Orange 316.8 459.0 439.04 569.74905
Orange 330.24 167.723955 430.72 270.79087499999997
Orange 331.52 708.025095 446.08 764.359695
Orange 355.2 51.853229999999996 454.4 106.90798500000001
Orange 362.24 412.90798500000005 413.44 464.121675
Orange 362.24 35.84943 426.24 69.138405
Orange 394.88 178.60684500000002 504.32 294.47680499999996
Orange 433.28 523.657035 555.52 636.96654
Orange 437.12 142.757415 528.0 199.092015
Orange 440.96 644.64867 552.96 760.51863
Orange 442.88 25.606845000000003 526.08 92.824335
Orange 448.64 75.539925 541.44 160.041825
Orange 525.44 482.68593000000004 556.8 530.0585550000001
Orange 571.52 87.06312 631.04 151.71939
Orange 591.36 704.18403 693.76 764.359695
Orange 599.04 585.75285 717.44 711.86616
Orange 626.56 0.0 702.08 28.167299999999997
Orange 634.88 55.694295000000004 695.04 131.874525
Orange 642.56 106.90798500000001 745.6 162.60227999999998
Orange 644.48 20.48517 688.0 56.974905
Orange 658.56 395.623575 766.72 496.13004
Orange 680.32 522.376425 812.16 648.489735
Orange 689.92 645.928515 820.48 764.359695
Orange 702.08 35.84943 778.24 87.06312
Orange 705.28 162.60227999999998 780.16 257.34753
Orange 711.68 69.138405 812.16 142.757415
Orange 721.92 0.640305 804.48 25.606845000000003
Orange 745.6 130.593915 832.0 209.974905
Orange 762.88 411.627375 819.84 490.36806
Orange 764.8 221.49810000000002 881.28 288.71559
Orange 764.8 452.59848000000005 887.68 558.8661599999999
Orange 770.56 405.225855 840.32 466.68213
Orange 807.68 63.376425000000005 879.36 112.66919999999999
Orange 812.8 697.78251 940.16 763.07985
Orange 828.16 103.06692 891.52 163.88289
Orange 891.52 511.49353499999995 1015.68 617.1216750000001
Orange 908.8 618.40152 1022.08 735.55209
