Orange 0.0 403.00824800000004 76.8 496.552611
Orange 27.52 327.404246 116.48 419.02596400000004
Orange 106.24 429.27779400000003 165.12 461.313226
Orange 117.76 327.404246 208.0 417.74465599999996
Orange 155.52 394.038409 263.68 500.396535
Orange 310.4 421.58926299999996 400.0 509.367057
Orange 389.12 0.0 502.4 78.807955
Orange 466.56 391.475793 549.12 481.816203
Orange 487.68 155.05261099999998 545.28 233.86056599999998
Orange 489.6 515.773597 568.96 583.049097
Orange 495.36 0.0 557.44 82.651879
Orange 502.4 222.32742800000003 549.12 267.81796
Orange 517.76 107.639434 561.28 165.303758
Orange 526.08 83.933187 586.24 135.190288
Orange 538.88 496.552611 608.64 580.485798
Orange 541.44 151.208004 590.08 213.998243
Orange 542.72 206.309712 590.08 249.878282
Orange 545.28 397.883016 609.92 501.67852600000003
Orange 550.4 0.0 606.08 78.807955
Orange 574.08 71.119424 624.0 110.202733
Orange 596.48 0.0 625.28 28.832162
Orange 609.92 1.2813080000000001 636.16 67.274817
