Orange 307.2 73.6736 380.8 144.78464
Orange 41.6 479.19936 97.92 557.99808
Orange 76.8 336.97727999999995 129.28 408.08832
Orange 141.44 392.07232 191.36 439.47968000000003
Orange 191.36 392.07232 242.56 460.62080000000003
Orange 372.48 470.87104 423.68 538.13824
Orange 391.68 502.90304 423.68 555.43552
Orange 412.8 456.77696 458.88 515.7158400000001
Orange 471.68 472.15232000000003 497.92 523.4035200000001
Orange 625.28 242.80256000000003 671.36 290.85056000000003
Orange 647.68 334.41472 692.48 372.85312
Orange 657.28 155.67552 695.04 195.3952
Orange 696.32 440.76096 753.92 490.73087999999996
Orange 844.8 57.6576 892.16 104.42432
