Orange 191.36 291.20025599999997 491.52 543.999744
Orange 0.0 159.35999999999999 170.24 321.920256
Orange 0.0 362.88 217.6 600.96
Orange 1.92 275.840256 133.12 410.24025599999993
Orange 74.88 36.480000000000004 208.64 168.320256
Orange 106.88 148.479744 388.48 381.44025600000003
Orange 193.92 48.0 404.48 155.52
Orange 229.76 8.319744 392.32 56.319744
Orange 268.16 456.96 646.4 766.08
Orange 309.12 140.799744 466.56 270.080256
Orange 323.84 4.479744 545.92 148.479744
Orange 407.04 103.68 662.4 250.23974399999997
Orange 432.0 250.23974399999997 732.16 440.96025599999996
Orange 466.56 0.0 697.6 53.120256000000005
Orange 554.88 398.72025600000006 906.88 695.04
Orange 622.72 63.99974400000001 803.84 196.47974399999998
Orange 650.24 192.0 840.96 275.840256
Orange 670.08 17.919744 835.2 108.80025599999999
Orange 775.68 279.680256 1023.36 488.319744
Orange 805.12 156.800256 1023.36 327.03974400000004
Orange 815.36 63.99974400000001 920.32 180.48
