Orange 117.12 155.52 278.4 330.24
Orange 0.0 381.44025600000003 105.6 504.320256
Orange 0.0 536.319744 110.72 707.840256
Orange 97.28 588.800256 285.44 766.08
Orange 110.72 449.91974400000004 288.0 608.64
Orange 166.4 341.76 312.96 449.91974400000004
Orange 261.12 92.799744 419.84 266.240256
Orange 289.28 227.840256 451.84 339.20025599999997
Orange 291.84 454.400256 434.56 600.96
Orange 305.28 302.079744 478.08 468.48
Orange 412.16 85.119744 589.44 226.56
Orange 434.56 410.24025599999993 621.44 579.84
Orange 471.68 216.320256 629.12 341.76
Orange 523.52 302.079744 697.6 456.96
Orange 573.44 60.159744 724.48 216.320256
Orange 616.96 430.08000000000004 789.12 576.0
Orange 634.24 220.160256 792.96 369.279744
Orange 704.64 107.52000000000001 863.36 262.400256
Orange 725.76 28.160255999999997 859.52 140.799744
