Orange 271.54944 478.09999999999997 434.630656 638.9847480000001
Orange 56.889344 362.748813 197.972992 498.59
Orange 114.536448 532.74 238.175232 625.324748
Orange 134.257664 453.81525200000004 296.58112 573.72
Orange 288.995328 330.875252 442.975232 457.61
Orange 458.903552 193.516439 600.747008 332.39356100000003
Orange 507.449344 461.40474800000004 644.74112 585.103561
Orange 550.684672 245.12118700000002 719.834112 374.13237399999997
Orange 648.532992 362.748813 772.171776 505.42
Orange 725.143552 478.85881300000005 857.884672 627.601187
Orange 725.143552 241.326439 875.33056 399.93474799999996
Orange 843.472896 409.8 1005.795328 584.344748
