Apple 650.999808 333.00019199999997 766.000128 422.999808
Apple 192.0 609.000192 307.999744 705.000192
Apple 289.000448 645.000192 389.999616 738.0003839999999
Apple 357.999616 603.999744 453.999616 707.000064
Apple 376.999936 511.00032 464.0 608.000256
Apple 389.999616 692.000256 455.000064 749.9996160000001
Apple 440.000512 554.999808 536.999936 621.000192
Apple 508.99968 710.999808 586.000384 767.000064
Apple 664.999936 204.0 764.99968 306.000384
Apple 707.999744 190.00012800000002 796.000256 261.00019199999997
Apple 716.000256 284.00025600000004 828.000256 396.0
Apple 739.999744 736.99968 844.000256 767.000064
Apple 837.000192 722.999808 928.0 767.000064
Apple 897.999872 655.00032 999.999488 766.0001279999999
