Orange 58.24 447.36 419.84 752.64
Orange 0.0 389.120256 184.96 613.119744
Orange 62.72 309.759744 154.24 402.56025600000004
Orange 65.92 67.839744 279.68 305.919744
Orange 134.4 160.640256 394.88 444.800256
Orange 293.12 211.839744 609.28 532.479744
Orange 364.8 155.52 558.72 240.0
Orange 408.32 0.0 656.64 210.56025599999998
Orange 495.36 335.36025600000005 855.04 702.72
Orange 590.72 0.0 828.8 132.48
Orange 593.28 80.000256 962.56 405.12
Orange 827.52 287.36025600000005 1019.52 579.84
Orange 843.52 13.440000000000001 1023.36 294.399744
