Orange 10.24 438.29725 37.76 469.69628
Orange 62.72 400.491415 88.96 428.044855
Orange 85.12 380.626415 116.48 403.05400000000003
Orange 97.92 281.946 125.44 301.810315
Orange 116.48 518.39567 133.76 544.66816
Orange 133.76 345.38385000000005 168.96 379.345465
Orange 180.48 379.345465 206.72 403.05400000000003
Orange 199.04 254.391875 220.16 281.946
Orange 200.32 116.62330499999999 222.72 139.050205
Orange 204.16 296.683775 238.72 333.20866
Orange 224.0 371.655655 266.24 390.879495
Orange 267.52 17.942205 295.04 44.21401
Orange 270.08 631.814545 298.88 663.213575
Orange 275.2 49.34055 305.28 83.94264
Orange 279.04 75.61304 301.44 99.32157500000001
Orange 282.88 0.0 314.24 21.786425
Orange 312.96 660.650305 337.92 684.359525
Orange 325.12 561.969205 357.76 599.775725
Orange 344.96 60.234105 364.16 89.06918
Orange 353.92 73.04977 372.48 105.08859
Orange 384.0 95.477355 400.0 112.7784
Orange 401.28 105.08859 424.96 123.030795
Orange 439.04 89.06918 462.72 112.7784
Orange 458.88 67.92323 490.24 100.60321
Orange 566.4 422.918315 593.92 447.90916999999996
Orange 616.32 379.345465 648.96 406.898905
Orange 617.6 408.18053999999995 652.8 426.76322
Orange 636.16 458.161565 652.8 493.40481500000004
Orange 676.48 363.32537 702.72 390.879495
Orange 708.48 344.102215 743.68 384.47132
Orange 714.88 556.842665 762.24 597.212455
Orange 759.04 558.76546 791.68 588.88217
Orange 771.2 404.33563499999997 805.12 435.734665
Orange 797.44 364.607005 822.4 403.05400000000003
Orange 832.64 331.927025 853.76 367.81075000000004
Orange 840.96 422.918315 865.92 447.90916999999996
Orange 861.44 324.23789999999997 881.28 349.22807
Orange 865.92 450.47244 899.84 475.463295
Orange 873.6 406.898905 888.96 431.88975999999997
Orange 877.44 592.085915 904.96 633.09618
