Orange 21.143631 461.44 47.412493999999995 482.56
Orange 68.55612500000001 340.48 85.855832 366.72
Orange 69.83743299999999 242.56 94.82567099999999 273.92
Orange 106.99878 424.32 126.220449 437.12
Orange 121.09453400000001 408.96 138.394241 421.12
Orange 122.375842 499.84 143.519473 515.84
Orange 138.394241 456.32 164.663104 487.68
Orange 154.411957 332.16 180.68082 358.4
Orange 180.68082 326.4 205.028404 351.36
Orange 183.884773 72.96 206.950366 94.08
Orange 189.010005 106.24 201.183797 127.36
Orange 199.90248900000003 482.56 220.405466 508.8
Orange 241.549097 311.04 272.943875 335.36
Orange 252.440898 295.04 283.835676 316.16
Orange 264.61469 410.88 294.087506 445.44
Orange 285.757638 288.0 301.135383 305.92
Orange 299.212738 305.92 322.27833100000004 321.28
Orange 299.212738 426.24 325.482284 447.36
Orange 310.10522199999997 368.64 336.37408500000004 392.96
Orange 325.482284 135.68 338.29672999999997 158.72
Orange 332.530161 309.12 351.75114700000006 332.16
Orange 353.673792 151.68 362.643631 167.68
Orange 422.22991700000006 179.84 436.325671 211.2
Orange 453.62469500000003 206.08 485.01947299999995 225.28
Orange 499.755881 459.52 529.228697 488.96
