Apple 31.791104 264.36608 65.2544 307.869696
Apple 41.8304 242.614272 88.679424 276.078592
Apple 41.8304 440.052736 160.627712 568.889344
Apple 70.274048 276.078592 110.431232 304.523264
Apple 172.340224 205.80352 205.80352 225.882112
Apple 194.091008 555.503616 520.36608 861.699072
Apple 200.783872 388.18304 376.470528 518.692864
Apple 210.823168 199.110656 242.614272 217.516032
Apple 286.117888 801.46432 339.659776 861.699072
Apple 291.137536 122.143744 480.208896 267.712512
Apple 314.56256 312.889344 680.993792 557.176832
Apple 533.751808 496.941056 883.45088 759.63392
Apple 545.46432 180.706304 871.738368 399.895552
Apple 819.869696 349.699072 987.189248 512.0
