Apple 491.921408 120.470528 657.568768 257.673216
Apple 38.483968 577.2544 93.699072 607.372288
Apple 46.850048 880.104448 127.163392 947.033088
Apple 103.738368 485.228544 175.686656 527.058944
Apple 180.706304 600.679424 239.26784 665.934848
Apple 317.908992 264.36608 456.783872 409.934848
Apple 414.954496 558.850048 555.503616 701.072384
Apple 418.300928 659.241984 563.869696 762.980352
Apple 458.457088 460.130304 587.293696 580.600832
Apple 538.771456 686.01344 595.659776 746.248192
Apple 602.35264 724.496384 665.934848 798.117888
Apple 667.608064 411.608064 759.63392 527.058944
Apple 704.417792 655.895552 841.62048 793.09824
Apple 766.326784 416.627712 876.758016 532.078592
Apple 841.62048 147.241984 921.934848 202.457088
Apple 853.332992 217.516032 943.686656 301.176832
Apple 885.124096 204.130304 963.764224 269.385728
