Orange 17.600256 197.600256 112.80000000000001 275.2
Orange 20.799744 95.200256 105.60000000000001 183.199744
Orange 26.400000000000002 285.599744 110.39999999999999 373.600256
Orange 33.599999999999994 387.2 117.60000000000001 466.400256
Orange 33.599999999999994 473.6 117.60000000000001 556.8
Orange 121.599744 95.200256 200.79974400000003 178.400256
Orange 123.200256 195.999744 205.599744 281.6
Orange 123.200256 288.799744 205.599744 369.600512
Orange 126.399744 389.600256 205.599744 466.400256
Orange 211.20000000000002 88.000512 297.6 176.0
Orange 218.39999999999998 192.0 295.20000000000005 268.000256
Orange 218.39999999999998 285.599744 299.199744 371.999744
Orange 218.39999999999998 382.399488 299.199744 461.599744
Orange 219.999744 642.400256 303.99974399999996 725.600256
Orange 478.400256 95.200256 561.5999999999999 183.199744
Orange 480.0 188.8 561.5999999999999 276.799488
Orange 480.0 288.799744 561.5999999999999 373.600256
Orange 482.40000000000003 482.400256 563.199744 563.2
Orange 482.40000000000003 387.2 566.4000000000001 468.799488
Orange 570.399744 385.600512 656.000256 468.799488
Orange 572.000256 290.400256 656.000256 371.999744
Orange 572.000256 193.600512 658.400256 276.799488
Orange 575.199744 96.799744 656.000256 178.400256
Orange 667.2 188.8 746.4000000000001 275.2
Orange 667.2 292.799488 746.4000000000001 371.999744
Orange 667.2 644.799488 751.2 732.8
Orange 667.2 92.000256 752.7997439999999 178.400256
Orange 668.7997439999999 385.600512 751.2 470.4
