Orange 266.24 79.41357 444.16 231.83642999999998
Orange 0.0 302.283925 79.36 413.71931
Orange 0.0 88.37964500000001 87.04 261.29645
Orange 19.2 44.830375 172.8 148.580375
Orange 38.4 229.274635 158.72 374.012525
Orange 58.88 367.60783 139.52 413.71931
Orange 90.88 108.87359000000001 231.68 233.11712
Orange 140.8 341.99071 313.6 413.71931
Orange 204.8 93.503235 291.84 152.42286
Orange 217.6 194.69144 304.64 242.083195
Orange 240.64 125.52463499999999 277.76 198.533925
Orange 308.48 390.66357 369.92 413.71931
Orange 328.96 242.083195 503.04 411.157515
Orange 389.12 347.1143 587.52 413.71931
Orange 400.64 30.74071 555.52 176.75929000000002
Orange 442.88 174.197495 610.56 356.080375
Orange 499.2 128.08643 623.36 188.28716
Orange 568.32 283.071085 729.6 413.71931
Orange 579.84 125.52463499999999 764.16 286.91357
Orange 647.68 92.22213 768.0 148.580375
Orange 716.8 217.746765 890.88 379.1357
Orange 743.68 367.60783 908.8 413.71931
Orange 744.96 117.83966500000001 921.6 229.274635
Orange 878.08 230.55574000000001 962.56 317.65428
Orange 889.6 275.3857 1022.72 413.71931
Orange 936.96 131.928915 1022.72 266.419625
