Orange 579.2 372.072103 675.2 452.12219799999997
Orange 563.2 226.701569 647.04 318.918863
Orange 594.56 318.918863 686.72 389.363062
Orange 654.72 258.081137 714.24 321.48074299999996
Orange 663.04 293.943418 771.84 392.564835
Orange 669.44 392.564835 749.44 487.984479
Orange 714.24 224.139689 803.2 309.31296699999996
Orange 729.6 342.613945 792.96 407.93438399999997
Orange 733.44 425.225343 832.0 537.935369
Orange 749.44 243.991951 835.84 349.01749099999995
Orange 783.36 368.87033 878.08 464.289974
Orange 791.68 271.529276 881.92 368.87033
