Orange 414.72 270.20684 630.4 481.50664
Orange 41.6 342.56088000000005 220.16 516.0826
Orange 42.88 467.41976000000005 243.84 653.74792
Orange 70.4 152.3914 246.4 345.12244
Orange 155.52 624.93428 273.92 679.35944
Orange 226.56 263.80396 415.36 437.32568
Orange 250.24 409.79316 490.24 585.2352
Orange 259.2 113.97344000000001 439.04 290.05672
Orange 279.04 527.6086 502.4 679.35944
Orange 408.96 271.48796 444.16 329.75512
Orange 462.72 187.6086 588.8 275.96984
Orange 494.08 569.86788 664.96 679.35944
Orange 558.72 179.92460000000003 762.24 321.43124
Orange 617.6 293.89804 805.12 476.3842
Orange 647.68 555.14112 860.16 676.158
Orange 687.36 586.51632 958.72 679.35944
Orange 731.52 216.42156000000003 813.44 317.58924
Orange 773.76 295.17916 927.36 457.17488000000003
Orange 777.6 447.57056 903.68 557.70268
Orange 857.6 452.693 1021.44 652.4668
