Orange 400.0 515.1329430000001 513.92 611.880576
Orange 302.72 516.414934 392.96 626.616984
Orange 476.16 493.989995 545.28 565.108736
Orange 691.2 442.732894 726.4 476.690288
Orange 736.0 438.888287 759.04 485.01947299999995
Orange 785.28 450.421425 814.72 492.708004
Orange 801.28 456.828648 846.08 496.552611
Orange 806.4 509.367057 836.48 537.5578820000001
Orange 818.56 406.212201 868.48 446.576818
Orange 840.96 520.258858 873.6 543.965105
Orange 844.8 493.989995 885.12 525.384773
Orange 876.16 501.67852600000003 915.2 537.5578820000001
