Orange 159.200256 310.400256 288.799744 453.59999999999997
Orange 90.399744 305.600256 170.399744 429.59999999999997
Orange 126.400512 434.40000000000003 250.399744 554.4000000000001
Orange 150.4 201.60000000000002 243.2 298.400256
Orange 207.200256 522.399744 330.399744 617.600256
Orange 243.2 194.39999999999998 370.400256 325.599744
Orange 295.199744 305.600256 439.199744 430.400256
Orange 310.4 469.599744 434.400256 594.399744
Orange 362.399744 149.600256 466.400256 234.399744
Orange 399.200256 221.600256 510.399488 318.399744
Orange 407.199744 550.400256 459.200512 585.5999999999999
Orange 426.399744 354.399744 534.4 461.60025599999994
Orange 434.400256 473.60025599999994 539.200512 589.599744
