Orange 135.199744 348.0 252.000256 480.0
Orange 43.200512 566.4000000000001 154.399744 658.400256
Orange 278.4 182.39999999999998 298.399744 286.400256
Orange 318.399488 178.400256 362.399744 277.599744
Orange 327.199744 0.0 410.399744 26.400000000000002
Orange 335.200256 417.59999999999997 415.200256 498.39974400000006
Orange 351.200256 297.6 475.200512 441.59999999999997
Orange 446.399488 334.400256 546.400256 493.599744
Orange 522.399744 174.399744 662.4 321.6
Orange 646.4 466.400256 771.2 625.599744
Orange 655.200256 0.0 767.200256 81.6
Orange 678.4 361.599744 803.2 477.59999999999997
Orange 695.199744 314.4 799.200256 382.400256
