Orange 620.8 421.11974399999997 907.52 705.2797439999999
Orange 0.0 476.799744 69.76 714.8797440000001
Orange 0.0 707.840256 87.04 767.360256
Orange 0.0 49.280256 186.24 327.03974400000004
Orange 55.04 521.600256 304.0 707.840256
Orange 69.76 279.680256 299.52 593.28
Orange 140.8 704.000256 339.2 767.360256
Orange 188.8 80.000256 384.64 302.079744
Orange 257.28 266.240256 578.56 607.359744
Orange 319.36 0.639744 621.44 282.24
Orange 343.68 576.0 616.96 767.360256
Orange 486.4 655.359744 760.32 766.08
Orange 513.92 283.520256 646.4 560.000256
Orange 563.2 167.04 839.68 428.799744
Orange 593.28 40.32 740.48 206.720256
Orange 736.0 0.0 1011.2 117.12
Orange 749.44 81.279744 843.52 199.040256
Orange 795.52 104.96025600000002 1022.08 402.56025600000004
Orange 811.52 632.960256 1023.36 767.360256
Orange 867.2 397.43999999999994 1023.36 631.6800000000001
