Orange 539.52 288.320937 722.56 474.768326
Orange 0.0 0.0 74.24 43.56857
Orange 0.0 190.291996 121.6 367.769546
Orange 0.0 27.550853999999998 132.48 190.291996
Orange 2.56 362.643631 78.08 492.708004
Orange 58.88 401.72694 226.56 547.809712
Orange 61.44 0.0 208.0 127.50175700000001
Orange 88.96 146.082772 171.52 257.56681299999997
Orange 124.16 260.129429 271.36 415.18204
Orange 204.16 36.520693 348.8 119.813226
Orange 230.4 0.0 380.16 48.694485
Orange 242.56 411.337433 384.0 547.809712
Orange 266.24 208.87232799999998 360.32 308.823914
Orange 277.76 276.14714499999997 467.84 433.76237199999997
Orange 318.72 83.933187 491.52 267.81796
Orange 364.16 48.694485 499.84 141.597511
Orange 385.28 0.0 483.84 39.723963
Orange 387.84 390.194485 554.88 541.4024890000001
Orange 439.04 185.166081 601.6 338.937384
Orange 474.88 0.0 627.84 82.651879
Orange 497.92 44.849878000000004 687.36 206.309712
Orange 581.12 151.208004 743.68 296.650122
Orange 633.6 0.0 753.92 41.005954
Orange 640.0 39.723963 747.52 178.758858
