Orange 659.84 106.239744 831.36 280.32
Orange 21.12 131.199744 168.32 283.520256
Orange 107.52 341.76 203.52 437.120256
Orange 111.36 679.040256 219.52 759.680256
Orange 119.04 0.0 277.76 91.52025599999999
Orange 174.72 525.440256 298.88 660.48
Orange 178.56 115.839744 342.4 270.080256
Orange 202.24 373.760256 357.12 512.64
Orange 314.88 81.279744 456.32 222.71999999999997
Orange 334.72 278.4 480.0 418.56000000000006
Orange 373.12 613.119744 497.28 722.559744
Orange 385.28 160.640256 533.12 299.52
Orange 782.08 0.0 944.64 92.799744
Orange 906.24 440.96025599999996 1009.28 513.920256
