Apple 609.92 65.352855 849.28 208.231674
Apple 0.0 301.776037 7.68 317.153099
Apple 0.0 423.511225 8.96 447.21747200000004
Apple 0.0 449.780771 8.96 470.923719
Apple 0.0 280.632406 12.16 304.338653
Apple 0.0 272.943875 21.12 292.16486100000003
Apple 0.0 350.469839 203.52 510.64836499999996
Apple 7.68 294.087506 18.56 312.027184
Apple 11.52 296.009468 32.64 315.230454
Apple 23.68 287.039629 35.84 294.087506
Apple 26.24 306.260615 40.32 319.715715
Apple 35.2 285.116984 51.2 290.242899
Apple 35.2 290.242899 60.16 313.949146
Apple 42.24 167.867057 53.76 186.447389
Apple 53.76 285.116984 76.16 307.541923
Apple 60.16 522.821474 149.76 581.767106
Apple 65.28 84.573841 140.16 167.226403
Apple 144.0 187.728697 157.44 206.309712
Apple 145.92 660.575061 166.4 677.874085
Apple 145.92 17.939678 333.44 129.423719
Apple 154.88 420.948609 401.92 610.599268
Apple 272.64 212.716935 295.04 236.42318200000003
Apple 272.64 630.461591 401.28 682.359346
Apple 291.2 173.63294299999998 327.04 206.950366
Apple 291.2 115.969302 451.2 196.05788199999998
Apple 410.88 240.26710599999998 434.56 266.536652
Apple 410.88 493.989995 691.2 682.359346
Apple 426.24 106.99878 578.56 192.21395800000002
Apple 552.32 205.669058 599.68 250.518936
Apple 634.88 286.398975 661.12 312.667838
Apple 737.28 230.656613 798.72 285.757638
Apple 822.4 234.50122 859.52 280.632406
Apple 869.76 164.663104 1023.36 285.757638
Apple 890.88 595.222206 1023.36 682.359346
Apple 912.0 332.530161 949.76 366.487555
Apple 977.28 288.320937 1023.36 338.29672999999997
