Orange 0.0 296.547664 23.04 321.526933
Orange 7.68 245.308242 15.36 266.444859
Orange 10.24 178.057093 33.92 194.06882000000002
Orange 11.52 331.774682 41.6 355.47306699999996
Orange 31.36 61.487171000000004 50.56 91.59065299999999
Orange 31.36 150.515379 53.76 171.651996
Orange 41.6 156.280034 66.56 178.057093
Orange 65.28 281.816144 85.12 308.076297
Orange 66.56 87.747324 82.56 103.75972800000001
Orange 94.08 138.986746 108.8 163.966015
Orange 117.76 124.25522600000001 132.48 142.829398
Orange 117.76 210.081224 141.44 230.57739899999999
Orange 833.92 305.514529 852.48 324.088701
Orange 897.28 356.753951 912.64 376.60900699999996
Orange 972.8 211.36210799999998 1010.56 247.229568
Orange 991.36 2.561768 1023.36 40.351231000000006
Orange 1007.36 186.38283900000002 1021.44 213.924553
