Orange 0.0 575.199744 208.0 767.199744
Orange 0.0 359.199744 238.399488 535.2
Orange 94.400512 129.60000000000002 454.4 308.00025600000004
Orange 108.000256 431.199744 540.8 767.199744
Orange 464.799744 625.599744 816.799744 767.199744
Orange 532.799488 231.999744 872.800256 409.599744
Orange 534.4 488.00025600000004 780.8 651.2002560000001
Orange 730.399744 351.99974399999996 1023.200256 637.599744
Orange 840.800256 685.599744 1023.200256 765.5999999999999
Orange 860.000256 195.20025599999997 1023.200256 341.600256
