Orange 724.48 351.36 801.28 419.199744
Orange 57.6 497.91974400000004 109.44 547.839744
Orange 114.56 532.479744 177.92 588.800256
Orange 122.24 480.63974399999995 184.96 524.16
Orange 129.28 444.800256 196.48 496.640256
Orange 188.8 581.1202559999999 229.76 619.520256
Orange 188.8 442.23974400000003 237.44 500.480256
Orange 209.92 528.0 268.16 577.280256
Orange 221.44 386.559744 275.84 424.959744
Orange 225.92 573.440256 288.0 627.2002560000001
Orange 236.16 327.03974400000004 288.0 381.44025600000003
Orange 236.16 468.48 296.96 509.43974399999996
Orange 245.76 262.400256 304.0 319.359744
Orange 245.76 446.079744 315.52 485.76
Orange 280.96 563.840256 344.96 639.36
Orange 284.16 341.76 331.52 401.28
Orange 288.0 230.39999999999998 331.52 270.080256
Orange 300.8 474.24 359.04 517.760256
Orange 319.36 175.359744 368.64 236.16
Orange 320.64 266.240256 371.2 302.079744
Orange 332.8 311.04 384.64 349.44
Orange 343.68 533.76 410.88 607.359744
Orange 372.48 240.0 419.84 309.759744
Orange 378.88 327.03974400000004 434.56 389.120256
Orange 408.32 508.160256 464.0 568.959744
Orange 418.56 231.680256 470.4 291.20025599999997
Orange 454.4 278.4 502.4 323.199744
Orange 454.4 155.52 513.92 218.88
Orange 464.0 385.280256 526.08 438.39974400000006
Orange 478.08 449.91974400000004 526.08 500.480256
Orange 490.24 236.16 535.04 282.24
Orange 527.36 414.72 567.04 449.91974400000004
Orange 529.92 375.03974400000004 574.72 408.96
Orange 529.92 446.079744 586.88 524.16
Orange 574.72 321.920256 630.4 370.56
Orange 581.76 405.12 625.28 465.920256
Orange 581.76 375.03974400000004 626.56 408.96
Orange 589.44 274.56 645.12 318.080256
Orange 597.12 472.959744 636.8 525.440256
Orange 654.08 289.92 688.64 346.880256
Orange 656.64 444.800256 709.76 494.079744
Orange 666.24 247.68 732.16 283.520256
Orange 682.24 394.88025600000003 737.28 458.24025599999993
Orange 801.28 259.839744 852.48 315.519744
Orange 831.36 298.239744 880.64 339.20025599999997
