Orange 809.6 341.935668 909.44 427.739732
Orange 19.84 450.791872 60.16 503.939386
Orange 45.44 402.126416 112.64 458.47540000000004
Orange 60.16 287.507566 89.6 331.69018600000004
Orange 64.0 359.86467799999997 124.16 415.57336799999996
Orange 81.92 309.91941199999997 144.64 362.426632
Orange 100.48 265.736792 149.76 306.077648
Orange 133.76 226.676524 176.64 274.060614
Orange 145.92 307.35823600000003 180.48 343.216256
Orange 160.64 254.851016 216.96 309.91941199999997
Orange 193.92 222.83476000000002 232.96 270.859144
Orange 234.24 209.38780799999998 258.56 235.001124
Orange 240.64 229.877994 277.12 269.578556
