Orange 82.56 226.073969 191.36 336.869316
Orange 0.0 364.40799799999996 55.04 490.573969
Orange 0.0 322.139311 78.08 391.94668
Orange 6.4 60.841348 124.16 190.849975
Orange 10.24 301.004703 86.4 344.55462800000004
Orange 37.76 187.00731900000002 90.24 301.004703
Orange 39.04 403.47464799999995 200.32 509.78672
Orange 110.08 139.61526700000002 202.88 238.242027
Orange 147.84 450.8667 295.04 528.359381
Orange 167.68 124.244643 275.2 187.00731900000002
Orange 183.04 218.388657 255.36 325.981967
Orange 183.04 344.55462800000004 357.76 486.731313
Orange 208.0 184.445372 267.52 234.399371
Orange 257.92 135.772611 353.92 222.231313
Orange 271.36 195.97334 373.76 306.768687
Orange 286.72 227.99529700000002 436.48 372.09331
Orange 291.2 97.98667 356.48 156.90669
Orange 295.04 494.416625 353.92 528.359381
Orange 340.48 70.44798800000001 476.16 179.32200699999999
Orange 346.24 322.139311 522.88 463.03528700000004
Orange 372.48 167.153949 471.68 222.231313
Orange 384.0 458.55201200000005 502.4 528.359381
Orange 401.28 222.231313 502.4 322.139311
Orange 421.12 45.470724000000004 497.92 115.918712
Orange 448.64 227.99529700000002 542.72 289.477264
Orange 480.0 100.548617 565.12 172.91793299999998
Orange 494.08 436.777314 636.16 514.269995
Orange 502.4 1.921328 592.64 94.14401400000001
Orange 515.2 375.935966 620.16 452.147938
Orange 517.76 147.94066899999999 620.16 263.219291
Orange 521.6 270.904603 604.8 389.384733
Orange 565.12 0.0 688.64 49.313379999999995
Orange 581.12 60.841348 688.64 145.378722
Orange 584.96 140.89597600000002 668.8 226.714059
Orange 593.92 224.15264100000002 692.48 313.17329
Orange 613.76 15.370624 727.68 109.514638
Orange 613.76 375.935966 813.44 483.529276
Orange 617.6 318.296655 711.04 389.384733
Orange 661.12 139.61526700000002 711.04 218.388657
Orange 702.72 227.99529700000002 813.44 344.55462800000004
Orange 716.16 58.279401 773.76 137.05331999999999
Orange 716.16 194.692631 869.76 290.75797300000005
Orange 763.52 21.774697999999997 826.24 108.2334
Orange 777.6 0.0 860.16 37.145322
Orange 797.44 294.60062899999997 931.2 399.631992
Orange 797.44 391.94668 932.48 455.990065
Orange 808.96 131.929955 873.6 192.130684
Orange 832.64 105.671982 919.68 149.221378
Orange 852.48 54.437274 951.04 124.244643
Orange 860.16 188.28802800000003 987.52 286.915317
Orange 885.12 124.244643 999.68 214.54600100000002
Orange 892.16 277.949296 1002.24 381.69995
Orange 924.8 113.357294 1018.88 153.064034
Orange 982.4 259.376635 1023.36 333.02666
Orange 986.24 187.00731900000002 1018.88 263.219291
Orange 999.68 336.869316 1023.36 413.08128800000003
