Orange 732.16 423.03974400000004 805.12 491.52
Orange 264.32 207.999744 316.8 279.680256
Orange 299.52 271.359744 363.52 329.600256
Orange 311.68 448.640256 359.04 472.959744
Orange 376.32 255.999744 430.72 319.359744
Orange 391.04 494.079744 418.56 533.76
Orange 430.72 335.36025600000005 486.4 389.120256
Orange 435.84 236.16 487.68 289.92
Orange 479.36 513.920256 499.2 565.119744
Orange 558.72 196.47974399999998 593.28 254.720256
Orange 610.56 204.159744 656.64 246.399744
Orange 616.96 155.52 677.76 206.720256
Orange 656.64 353.919744 725.76 408.96
Orange 661.12 426.24 716.16 480.63974399999995
Orange 682.24 210.56025599999998 729.6 251.52
Orange 749.44 668.16 801.28 735.999744
Orange 944.0 401.28 979.84 438.39974400000006
Orange 944.0 144.639744 990.08 215.04000000000002
