Orange 146.533376 530.572812 389.310464 710.8980449999999
Orange 167.343104 216.736872 377.171968 547.045158
Orange 260.985856 555.71406 500.294656 724.769925
Orange 300.003328 169.922346 456.07424 509.766015
Orange 313.87648 541.843203 593.937408 767.25
Orange 387.576832 202.866015 569.659392 528.838827
Orange 387.576832 545.311173 641.626112 782.854842
Orange 488.15616 528.838827 701.453312 748.177188
Orange 498.561024 195.930075 720.528384 525.370857
Orange 578.330624 508.03203 847.986688 832.270857
