Apple 154.88 399.36 260.48 616.3199999999999
Apple 186.88 314.88 295.04 370.56
Apple 243.2 273.920256 279.04 298.880256
Apple 263.04 433.91999999999996 376.96 584.960256
Apple 282.88 273.920256 332.16 298.880256
Apple 282.88 216.95999999999998 336.0 247.68
Apple 288.64 328.32 336.0 355.839744
Apple 292.48 363.519744 398.08 437.76
Apple 345.6 327.03974400000004 407.68 358.400256
Apple 349.44 279.03974400000004 414.08 302.720256
Apple 352.0 222.08025600000002 419.2 248.960256
Apple 385.28 431.36025600000005 565.12 698.2402559999999
Apple 432.64 0.0 627.2 189.440256
Apple 443.52 235.52025600000002 634.88 400.640256
Apple 480.0 627.2002560000001 672.0 767.360256
Apple 496.0 404.480256 549.12 420.48
Apple 550.4 279.03974400000004 686.72 473.60025599999994
Apple 576.64 478.719744 764.8 696.96
Apple 585.6 671.360256 620.16 702.080256
Apple 690.56 5.120256 902.4 227.840256
Apple 694.4 271.359744 901.12 485.76
Apple 763.52 437.76 907.52 559.359744
Apple 800.64 531.84 940.8 595.2
