Orange 231.999488 375.99974399999996 369.600512 516.800256
Orange 172.8 497.60025599999994 302.399488 628.8
Orange 395.200512 198.399744 449.600512 289.599744
Orange 419.2 123.200256 540.8 254.39999999999998
Orange 560.0 416.00025600000004 627.2 574.400256
Orange 614.4 305.600256 684.8 387.200256
Orange 734.400512 587.199744 902.4 744.0
Orange 775.999488 507.200256 908.8 580.8
Orange 865.599488 387.200256 977.599488 502.400256
Orange 889.6 603.2002560000001 1022.400512 728.000256
Orange 928.0 700.8 1022.400512 766.400256
Orange 939.200512 476.799744 1022.400512 548.7997439999999
