Orange 675.2 560.624158 749.44 611.880576
Orange 303.36 560.624158 370.56 583.049097
Orange 308.48 344.062616 389.76 437.60697899999997
Orange 311.04 425.43318700000003 368.0 446.576818
Orange 350.72 496.552611 401.92 505.52245
Orange 350.72 319.075061 414.72 371.61346999999995
Orange 374.4 563.827428 437.12 583.049097
Orange 399.36 340.21869200000003 469.76 371.61346999999995
Orange 594.56 571.515959 666.88 604.192045
Orange 619.52 429.27779400000003 653.44 445.29551000000004
Orange 639.36 346.62591499999996 714.24 375.45807699999995
Orange 657.92 430.559102 725.76 442.732894
