Orange 32.64 510.72 175.36 646.400256
Orange 0.0 512.64 44.8 644.480256
Orange 0.0 385.280256 51.84 500.480256
Orange 17.28 651.519744 135.04 755.840256
Orange 51.84 350.720256 210.56 497.91974400000004
Orange 136.32 726.399744 257.92 767.360256
Orange 138.88 587.52 297.6 723.84
Orange 163.84 299.52 257.92 438.39974400000006
Orange 163.84 454.400256 322.56 579.84
Orange 261.76 327.03974400000004 392.96 472.959744
Orange 263.04 274.56 365.44 346.880256
Orange 270.08 640.640256 386.56 766.08
Orange 295.04 512.64 433.92 651.519744
Orange 362.24 242.55974399999997 449.92 341.76
Orange 392.96 628.479744 469.76 734.7202560000001
Orange 410.24 413.43974399999996 563.84 547.839744
Orange 414.08 321.920256 497.28 410.24025599999993
Orange 457.6 568.959744 588.8 687.999744
Orange 501.12 315.519744 623.36 446.079744
Orange 535.68 517.760256 636.16 652.8
Orange 545.28 647.04 678.4 766.08
Orange 616.32 474.24 753.92 600.96
Orange 675.84 663.039744 809.6 767.360256
Orange 695.68 274.56 814.72 414.72
Orange 704.0 581.1202559999999 821.76 671.360256
Orange 757.76 468.48 885.12 604.8
Orange 798.72 298.239744 878.08 410.24025599999993
Orange 805.76 88.959744 888.96 167.04
Orange 810.88 684.159744 920.96 767.360256
Orange 826.88 240.0 913.92 318.080256
Orange 837.12 563.840256 944.64 706.5600000000001
Orange 853.12 398.72025600000006 989.44 504.320256
Orange 854.4 303.36 948.48 394.88025600000003
Orange 897.92 83.840256 964.48 132.48
Orange 902.4 147.200256 981.76 207.999744
Orange 912.64 196.47974399999998 1005.44 294.399744
Orange 913.92 24.320256 972.16 85.119744
Orange 922.24 698.88 1021.44 767.360256
Orange 924.8 488.319744 1023.36 613.119744
Orange 940.8 294.399744 1023.36 390.39974400000006
Orange 956.16 611.840256 1013.12 698.88
Orange 957.44 124.80000000000001 1004.16 160.640256
Orange 964.48 83.840256 1021.44 136.959744
Orange 968.32 397.43999999999994 1023.36 478.08000000000004
Orange 997.12 152.31974400000001 1023.36 230.39999999999998
