Orange 33.920255999999995 608.64 68.480256 634.88
Orange 96.63974400000001 444.16 128.000256 477.44
Orange 138.879744 547.2 175.359744 593.28
Orange 142.07999999999998 820.48 172.160256 849.92
Orange 191.360256 806.4 217.599744 835.84
Orange 225.920256 897.28 263.04 925.44
Orange 232.959744 766.08 259.20000000000005 801.28
Orange 232.959744 657.92 264.320256 685.44
Orange 263.04 430.08 303.36 475.52
Orange 304.640256 750.72 341.76 783.36
Orange 329.600256 508.8 360.96 552.96
Orange 339.84000000000003 549.12 378.24 596.48
Orange 368.00025600000004 582.4 411.519744 622.72
Orange 481.280256 241.28 518.4000000000001 274.56
Orange 523.520256 24.32 570.8797440000001 62.72
Orange 532.479744 120.96 584.960256 171.52
Orange 552.96 0.0 621.440256 40.32
Orange 619.520256 298.88 664.959744 348.16
Orange 623.360256 145.28 661.760256 181.76
Orange 635.52 255.36 664.959744 284.8
Orange 647.679744 88.96 679.040256 119.04
Orange 689.919744 169.6 735.36 224.0
