Orange 129.28 58.880256 225.92 152.96025600000002
Orange 0.0 567.680256 51.2 591.999744
Orange 10.24 307.20000000000005 55.04 353.919744
Orange 87.04 346.880256 117.12 386.559744
Orange 113.28 377.600256 138.24 393.59999999999997
Orange 122.24 302.079744 145.28 323.199744
Orange 142.08 700.160256 208.64 767.360256
Orange 170.24 283.520256 216.32 314.240256
Orange 204.8 365.439744 285.44 440.96025599999996
Orange 268.16 210.56025599999998 305.28 267.519744
Orange 343.68 355.20000000000005 380.16 385.280256
Orange 494.08 335.36025600000005 526.08 346.880256
Orange 517.76 341.76 835.2 620.7997439999999
Orange 526.08 315.519744 553.6 365.439744
Orange 567.04 108.80025599999999 840.96 375.03974400000004
