Orange 125.44 258.560256 166.4 298.239744
Orange 146.56 294.399744 184.96 329.600256
Orange 170.24 262.400256 197.76 298.239744
Orange 177.92 330.879744 213.76 375.03974400000004
Orange 190.08 302.079744 233.6 327.03974400000004
Orange 193.92 286.08 216.32 299.52
Orange 197.76 243.84 232.32 278.4
Orange 204.8 401.28 240.0 428.799744
Orange 208.64 295.68 241.28 307.20000000000005
Orange 209.92 355.20000000000005 233.6 405.12
Orange 220.16 251.52 248.32 287.36025600000005
Orange 221.44 314.240256 275.84 345.6
Orange 228.48 410.24025599999993 275.84 449.91974400000004
Orange 233.6 220.160256 265.6 250.23974399999997
Orange 237.44 446.079744 296.96 508.160256
Orange 245.76 362.88 293.12 418.56000000000006
Orange 253.44 234.87974400000002 289.28 271.359744
Orange 261.12 385.280256 319.36 446.079744
Orange 265.6 282.24 305.28 319.359744
Orange 279.68 309.759744 325.12 355.20000000000005
Orange 285.44 489.59999999999997 332.8 537.5999999999999
Orange 291.84 343.040256 316.8 375.03974400000004
Orange 295.68 236.16 332.8 255.999744
Orange 296.96 408.96 336.64 465.920256
Orange 296.96 246.399744 343.68 267.519744
Orange 300.8 204.159744 328.96 236.16
Orange 300.8 520.3199999999999 367.36 579.84
Orange 304.0 270.080256 359.04 309.759744
Orange 307.84 373.760256 344.96 402.56025600000004
Orange 312.96 583.6800000000001 360.32 623.360256
Orange 320.64 319.359744 363.52 373.760256
Orange 320.64 453.12 388.48 494.079744
Orange 332.8 207.999744 359.04 246.399744
Orange 340.48 397.43999999999994 394.88 454.400256
Orange 343.68 234.87974400000002 388.48 266.240256
Orange 347.52 302.079744 383.36 329.600256
Orange 347.52 484.479744 407.04 541.4399999999999
Orange 348.8 615.680256 430.72 666.8797440000001
Orange 352.64 343.040256 404.48 393.59999999999997
Orange 359.04 543.999744 400.0 597.12
Orange 367.36 216.320256 388.48 243.84
Orange 378.88 279.680256 423.04 318.080256
Orange 380.16 428.799744 459.52 492.800256
Orange 383.36 238.71974400000002 423.04 278.4
Orange 387.2 557.439744 439.68 615.680256
Orange 394.88 250.23974399999997 424.32 278.4
Orange 404.48 227.840256 430.72 246.399744
Orange 404.48 361.599744 474.24 426.24
Orange 407.04 311.04 459.52 355.20000000000005
Orange 416.0 533.76 455.68 563.840256
Orange 419.84 424.959744 483.84 453.12
Orange 426.88 615.680256 450.56 643.2
Orange 432.0 250.23974399999997 475.52 278.4
Orange 438.4 275.840256 479.36 323.199744
Orange 442.88 230.39999999999998 471.68 250.23974399999997
Orange 444.16 557.439744 513.92 616.959744
Orange 446.72 460.79999999999995 499.2 517.760256
Orange 454.4 521.600256 487.68 563.840256
Orange 470.4 350.720256 522.24 398.72025600000006
Orange 474.24 255.999744 513.92 299.52
Orange 479.36 230.39999999999998 507.52 255.999744
Orange 482.56 283.520256 507.52 334.08
Orange 486.4 382.719744 535.04 442.23974400000003
Orange 487.68 309.759744 535.04 355.20000000000005
Orange 497.92 553.599744 567.04 600.96
Orange 507.52 240.0 529.92 270.080256
Orange 510.08 428.799744 574.72 489.59999999999997
Orange 511.36 401.28 563.2 422.40000000000003
Orange 515.2 497.91974400000004 557.44 540.159744
Orange 526.08 255.999744 547.2 291.20025599999997
Orange 535.04 218.88 573.44 250.23974399999997
Orange 535.04 341.76 578.56 382.719744
Orange 543.36 247.68 578.56 274.56
Orange 543.36 279.680256 589.44 307.20000000000005
Orange 545.92 303.36 598.4 345.6
Orange 553.6 393.59999999999997 610.56 422.40000000000003
Orange 554.88 521.600256 618.24 577.280256
Orange 561.92 480.63974399999995 593.28 524.16
Orange 574.72 424.959744 616.96 481.91999999999996
Orange 581.76 267.519744 625.28 303.36
Orange 593.28 341.76 642.56 393.59999999999997
Orange 594.56 298.239744 641.28 330.879744
Orange 601.6 480.63974399999995 662.4 537.5999999999999
Orange 606.72 258.560256 648.96 294.399744
Orange 609.28 318.080256 646.4 350.720256
Orange 622.72 437.120256 680.96 485.76
Orange 629.12 393.59999999999997 688.64 442.23974400000003
Orange 641.28 366.71999999999997 692.48 406.400256
Orange 646.4 346.880256 692.48 382.719744
Orange 650.24 329.600256 676.48 355.20000000000005
Orange 650.24 489.59999999999997 708.48 543.999744
Orange 656.64 305.919744 689.92 335.36025600000005
Orange 668.8 430.08000000000004 716.16 465.920256
Orange 673.92 335.36025600000005 713.6 365.439744
Orange 677.76 465.920256 744.32 497.91974400000004
Orange 692.48 349.44 729.6 398.72025600000006
Orange 709.76 389.120256 773.12 444.800256
Orange 725.76 355.20000000000005 749.44 386.559744
Orange 728.32 335.36025600000005 757.12 349.44
Orange 733.44 430.08000000000004 781.44 485.76
Orange 760.32 350.720256 808.96 394.88025600000003
Orange 773.12 433.280256 808.96 474.24
Orange 792.96 390.39974400000006 839.68 434.559744
