Orange 359.439678 465.92 486.942118 570.24
Orange 0.0 618.88 33.316739999999996 673.28
Orange 12.173791999999999 550.4 68.55612500000001 629.12
Orange 28.191508 618.88 73.68204 686.72
Orange 69.83743299999999 629.12 115.328648 702.72
Orange 73.68204 568.32 115.328648 624.0
Orange 252.440898 640.0 325.482284 736.0
Orange 264.61469 531.2 341.5 604.8
Orange 290.883553 457.6 362.643631 526.08
Orange 322.27833100000004 557.44 417.104002 681.6
Orange 357.517716 662.4 430.559102 744.96
Orange 357.517716 368.64 443.37354799999997 452.48
Orange 425.43318700000003 581.76 535.63592 676.48
Orange 436.325671 394.88 535.63592 494.72
Orange 448.49878 263.68 563.827428 373.76
Orange 477.971596 463.36 588.1743290000001 597.76
Orange 495.91195700000003 676.48 574.7192289999999 778.24
Orange 561.905466 266.88 656.730454 358.4
Orange 583.049097 377.6 663.778331 461.44
Orange 600.9887749999999 445.44 682.359346 571.52
