Orange 0.0 243.84 42.88 327.03974400000004
Orange 37.76 291.20025599999997 133.12 394.88025600000003
Orange 166.4 584.960256 295.68 732.159744
Orange 224.64 220.160256 378.88 369.279744
Orange 307.84 584.960256 419.84 730.880256
Orange 396.16 403.839744 538.24 528.639744
Orange 630.4 204.159744 785.28 353.919744
Orange 668.8 362.88 827.52 496.640256
Orange 700.8 12.159744 760.32 60.159744
Orange 725.76 103.68 876.16 236.16
Orange 840.96 390.39974400000006 971.52 492.800256
Orange 975.36 377.600256 1023.36 488.319744
