Orange 244.752367 403.2 318.434407 459.52
Orange 0.0 400.0 16.017716 440.32
Orange 38.442655 519.04 99.950903 576.64
Orange 121.09453400000001 613.76 164.663104 662.4
Orange 128.142411 426.24 157.615227 457.6
Orange 201.183797 300.16 238.345144 332.16
Orange 274.865837 325.12 306.260615 366.72
Orange 320.356369 473.6 378.02069300000005 510.08
Orange 327.404246 608.0 394.038409 667.52
Orange 332.530161 319.36 367.769546 382.72
Orange 336.37408500000004 804.48 404.289556 860.16
Orange 383.787262 266.88 420.307955 300.16
Orange 427.355832 457.6 467.72044900000003 492.8
Orange 488.86407999999994 289.92 527.306735 319.36
Orange 495.91195700000003 382.72 509.367057 426.24
Orange 520.258858 421.12 548.450366 450.56
Orange 604.192045 321.28 640.712738 352.64
