Orange 476.8 347.610645 622.72 495.489735
Orange 397.44 389.222055 481.92 478.84486499999997
Orange 407.04 281.03346 485.76 379.61901
Orange 448.64 215.09658 551.68 345.690495
Orange 454.4 162.60227999999998 512.0 241.34296500000002
Orange 464.64 499.97034 576.64 582.55209
Orange 469.76 79.38099 575.36 202.29277499999998
Orange 521.6 187.56882 611.2 266.309505
Orange 533.12 557.58555 600.32 673.456275
Orange 567.68 115.23042000000001 689.92 217.657035
Orange 579.2 412.90798500000005 670.08 526.21749
Orange 583.04 278.473005 714.88 411.627375
Orange 584.32 531.339165 713.6 668.3346
Orange 632.32 411.627375 762.24 571.02966
Orange 640.0 146.59848 749.44 284.874525
Orange 709.76 297.038025 849.28 424.43118
Orange 770.56 403.30570500000005 841.6 467.961975
