Orange 68.056064 510.34627 141.650944 583.139788
Orange 106.04032 150.334156 190.713856 245.28273000000002
Orange 109.997056 451.003154 181.218304 523.7966720000001
Orange 165.39136 310.163924 238.194688 393.243326
Orange 178.843648 439.134668 256.395264 515.8843479999999
Orange 181.218304 49.056546000000004 265.89184 138.46567
Orange 201.001984 379.79223800000005 273.805312 440.71727000000004
Orange 224.741376 189.89646199999999 295.962624 270.602304
Orange 234.237952 272.975864 327.616512 363.96759
Orange 276.178944 357.63786799999997 352.940032 431.222344
Orange 352.940032 420.93646 428.116992 511.928186
Orange 494.589952 71.210916 538.114048 112.35513800000001
Orange 602.213376 11.868486 693.218304 96.53049
Orange 635.449344 326.77952999999997 716.167168 410.650576
Orange 646.529024 175.65373 739.116032 257.15121600000003
Orange 695.591936 300.668998 754.942976 353.681706
Orange 756.525056 23.736972 831.70304 88.61816599999999
Orange 788.178944 341.81322 875.227136 416.980298
Orange 863.356928 215.216036 914.002944 280.888188
Orange 906.089472 361.59403000000003 986.015744 448.629594
Orange 906.881024 462.87164 986.015744 543.578168
Orange 981.267456 369.506354 1023.208448 454.959316
Orange 986.015744 60.925032 1023.208448 130.553346
Orange 993.929216 585.513348 1022.416896 660.680426
