Orange 0.0 300.94148 65.28 412.35404
Orange 6.4 112.05244 123.52 219.62367999999998
Orange 27.52 471.90232 160.0 596.12064
Orange 93.44 568.58744 228.48 679.35944
Orange 151.04 504.55728 262.4 608.28652
Orange 186.24 0.0 297.6 121.01688000000001
Orange 188.8 411.07359999999994 295.04 521.2050399999999
Orange 188.8 203.6158 308.48 320.79068
Orange 254.72 278.5314 376.32 389.94328
Orange 369.92 398.26716 503.68 528.24848
Orange 414.72 0.0 526.08 51.86428
Orange 490.88 169.67972 608.64 288.13572
Orange 507.52 391.86428 637.44 524.40648
Orange 523.52 0.0 625.92 72.35404
Orange 623.36 0.0 730.88 98.60612
Orange 631.04 365.6122 763.52 492.3914
Orange 739.84 0.0 851.2 79.39748
Orange 824.96 50.583839999999995 927.36 174.80216000000001
Orange 880.64 449.49156 992.0 573.70988
Orange 931.2 48.66284 1023.36 161.9964
