Orange 129.28 417.276244 171.52 460.862864
Orange 167.68 394.841854 212.48 434.582676
Orange 168.96 430.09579799999995 212.48 464.708662
Orange 199.04 178.191596 259.2 212.16338
Orange 202.88 99.351714 250.24 134.604976
Orange 204.16 114.734906 247.68 153.193568
Orange 220.16 142.93765199999999 279.04 184.601714
Orange 222.72 228.18765199999999 279.04 292.285422
Orange 254.08 82.045282 282.88 103.197512
Orange 259.2 114.734906 305.28 142.93765199999999
Orange 261.76 94.22375600000001 298.88 125.63190200000001
Orange 261.76 198.06234800000001 314.24 229.469812
Orange 282.88 374.97178399999996 332.8 424.96784
Orange 286.72 142.93765199999999 326.4 176.909436
Orange 293.76 414.71260600000005 337.92 499.96260600000005
Orange 293.76 338.436362 342.4 413.430446
Orange 305.28 169.21784 348.8 204.471784
Orange 309.12 85.89108 342.4 109.606948
Orange 318.72 462.14502400000003 356.48 512.14108
Orange 334.08 129.4777 380.16 174.345798
Orange 336.64 488.42453000000006 400.0 537.139108
Orange 337.92 332.026244 373.76 358.306432
Orange 342.4 394.841854 384.0 438.428474
Orange 344.96 358.306432 384.0 397.40617399999996
Orange 352.64 66.661408 384.0 101.91535200000001
Orange 357.76 517.269038 403.84 571.110892
Orange 361.6 160.885164 405.12 189.729672
Orange 361.6 91.659436 407.68 130.75917800000002
Orange 365.44 430.09579799999995 431.36 499.96260600000005
Orange 369.92 105.76115 421.12 154.475728
Orange 369.92 592.263122 432.64 653.7972540000001
Orange 376.32 387.150258 431.36 444.83859199999995
Orange 381.44 552.5223 423.68 596.10892
Orange 387.84 335.872042 423.68 389.71457799999996
Orange 392.96 319.84776999999997 427.52 343.56363799999997
Orange 397.44 189.729672 460.16 241.007206
Orange 400.0 635.208662 471.68 681.35892
Orange 411.52 434.582676 455.04 465.990822
Orange 415.36 517.269038 467.84 564.701456
Orange 421.12 449.965868 467.84 496.116808
Orange 426.88 563.419296 497.92 643.541338
Orange 428.8 387.150258 470.4 434.582676
Orange 428.8 346.12795800000004 486.4 394.841854
Orange 439.04 322.411408 464.0 354.460634
Orange 447.36 484.578732 502.4 527.524272
Orange 455.04 398.687652 491.52 464.708662
Orange 466.56 304.464578 511.36 342.28216
Orange 470.4 334.590564 519.04 389.71457799999996
Orange 470.4 543.548544 531.2 586.494084
Orange 495.36 586.494084 541.44 646.104976
Orange 506.24 458.29854400000005 535.04 513.4232400000001
Orange 507.52 414.71260600000005 558.72 453.812348
Orange 510.08 330.744084 550.4 374.97178399999996
Orange 526.08 371.125986 568.96 417.276244
Orange 535.04 460.862864 577.28 501.244084
Orange 541.44 503.808404 608.64 552.5223
Orange 545.28 560.214578 597.76 626.234906
Orange 558.72 385.868098 606.08 437.146314
Orange 565.12 362.15223000000003 590.08 382.02230000000003
Orange 570.24 428.81363799999997 624.0 480.091854
Orange 588.8 539.7027459999999 643.84 611.492794
Orange 596.48 528.806432 664.96 583.9304460000001
Orange 604.8 480.091854 668.8 524.960634
Orange 609.92 460.862864 659.84 477.52821600000004
Orange 617.6 405.73885 657.28 449.965868
Orange 651.52 512.14108 704.0 576.2388500000001
