Orange 0.0 366.71999999999997 16.0 417.27974399999994
Orange 23.68 465.920256 49.28 504.320256
Orange 63.36 418.56000000000006 111.36 456.96
Orange 84.48 206.720256 147.2 266.240256
Orange 162.56 627.2002560000001 230.4 696.320256
Orange 182.4 234.87974400000002 243.2 286.08
Orange 183.68 525.440256 270.08 599.679744
Orange 230.4 152.31974400000001 289.92 210.56025599999998
Orange 251.52 464.64 345.6 552.320256
Orange 282.88 206.720256 330.88 247.68
Orange 317.44 547.839744 400.64 615.680256
Orange 374.4 251.52 405.12 289.92
Orange 457.6 350.720256 545.28 433.280256
Orange 509.44 275.840256 587.52 327.03974400000004
Orange 562.56 539.52 632.96 603.519744
Orange 797.44 440.96025599999996 885.12 533.76
Orange 885.12 600.96 968.32 679.040256
Orange 890.24 743.679744 961.92 767.360256
Orange 901.12 485.76 1000.32 560.000256
Orange 929.92 572.16 1001.6 635.52
Orange 1008.0 172.160256 1023.36 243.84
