Orange 0.0 277.999872 106.000384 527.000064
Orange 0.0 35.000064 186.999808 316.99968
Orange 0.0 516.0 208.0 730.0001279999999
Orange 69.999616 286.000128 300.000256 542.999808
Orange 176.0 483.99974399999996 417.000448 717.000192
Orange 183.000064 49.999871999999996 405.999616 309.00019199999997
Orange 312.000512 255.999744 540.000256 516.0
Orange 396.99968 49.999871999999996 672.0 288.0
Orange 401.000448 490.00012799999996 631.000064 730.0001279999999
Orange 517.999616 236.000256 782.000128 523.00032
Orange 638.999552 457.99987200000004 894.999552 712.99968
Orange 673.000448 37.999872 910.000128 240.0
Orange 789.000192 179.000064 1022.999552 458.999808
Orange 824.999936 677.9996160000001 1006.999552 724.99968
Orange 887.000064 431.00006399999995 1022.999552 698.999808
Orange 913.999872 46.000128 1022.999552 195.999744
