Orange 440.000512 93.75717 636.571648 259.547538
Orange 90.28608 565.974594 211.428352 695.1764340000001
Orange 231.999488 385.31967000000003 394.28608 547.68033
Orange 250.28608 610.5663959999999 359.999488 748.915368
Orange 536.000512 585.411783 658.285568 680.312811
Orange 658.285568 370.456047 797.714432 580.838217
Orange 685.714432 0.0 814.857216 73.176123
Orange 769.142784 561.401028 937.143296 723.7607549999999
Orange 853.71392 112.051434 976.0 229.820292
Orange 873.143296 0.0 960.0 88.040679
Orange 883.428352 220.67316 1008.0 381.889962
