Orange 314.88 26.880000000000003 346.88 57.599999999999994
Orange 391.68 103.68 424.96 135.68025599999999
Orange 404.48 46.08 444.16 74.240256
Orange 412.16 71.679744 432.64 108.80025599999999
Orange 412.16 133.119744 432.64 148.479744
Orange 440.32 78.08025599999999 454.4 94.71974399999999
Orange 454.4 459.519744 477.44 491.52
Orange 468.48 517.119744 497.92 558.080256
Orange 485.12 286.719744 505.6 312.320256
Orange 523.52 299.52 547.84 321.279744
Orange 574.72 409.599744 611.84 431.36025600000005
Orange 576.0 226.56 604.16 241.92000000000002
Orange 600.32 170.240256 637.44 209.91974399999998
Orange 838.4 459.519744 866.56 492.800256
Orange 843.52 533.76 870.4 565.760256
Orange 862.72 558.080256 887.04 582.399744
Orange 870.4 496.640256 884.48 538.880256
Orange 912.64 558.080256 945.92 586.239744
Orange 952.32 549.12 980.48 569.600256
Orange 990.72 300.800256 1022.72 348.159744
