Orange 845.44 435.685017 960.0 526.666081
Orange 29.44 543.965105 149.76 622.77306
Orange 80.64 513.851635 165.76 572.797267
Orange 139.52 549.09102 236.8 642.635383
Orange 233.6 537.5578820000001 316.8 630.461591
Orange 303.36 580.485798 423.04 658.0124450000001
Orange 315.52 524.103465 394.24 572.797267
Orange 409.6 525.384773 501.76 599.066813
Orange 429.44 456.828648 515.84 541.4024890000001
Orange 500.48 533.073304 580.48 606.755344
Orange 517.12 450.421425 611.84 541.4024890000001
Orange 584.32 520.258858 659.2 600.348121
Orange 714.24 430.559102 832.0 520.258858
Orange 800.64 394.038409 863.36 454.265349
Orange 826.88 399.16432399999997 914.56 462.59453399999995
Orange 933.12 417.74465599999996 1023.36 527.9473889999999
