Orange 87.68 141.448467 112.64 171.53028
Orange 129.92 92.80531800000001 168.96 129.92730899999998
Orange 308.48 78.72496199999999 343.68 111.36665400000001
Orange 342.4 78.72496199999999 378.88 116.487093
Orange 347.52 204.171972 389.76 230.413626
Orange 353.92 183.690897 392.32 217.61286900000002
Orange 375.04 347.54017799999997 405.12 378.902271
Orange 387.2 371.221953 412.16 398.743206
Orange 414.72 355.221177 442.24 378.902271
Orange 416.0 17.921196 455.04 62.723505
Orange 422.4 85.125 465.92 122.887131
Orange 439.68 344.980299 460.8 373.781832
Orange 455.04 0.0 490.88 16.640916
Orange 457.6 14.081037 485.12 49.282608
Orange 462.08 390.422748 490.88 419.864421
Orange 488.32 202.89169199999998 514.56 234.893925
Orange 511.36 216.33258899999998 547.2 246.414402
Orange 547.2 378.902271 576.0 400.023486
Orange 570.88 320.01892499999997 595.84 347.54017799999997
Orange 608.64 70.403823 649.6 111.36665400000001
Orange 622.08 254.09472 656.0 289.937112
Orange 628.48 119.046972 670.72 161.289402
Orange 656.0 168.96972 682.24 200.331813
Orange 682.24 288.656832 716.16 314.898486
Orange 709.76 168.96972 749.44 204.171972
Orange 767.36 206.73185099999998 808.32 252.815121
Orange 819.84 131.207589 852.48 163.849962
Orange 846.08 272.656056 880.64 311.698467
Orange 967.04 135.047748 999.68 171.53028
Orange 997.12 248.97496199999998 1023.36 282.896934
