Orange 78.848 172.032 117.76 211.96800000000002
Orange 179.2 463.87199999999996 210.944 495.61574400000006
Orange 227.328 227.32799999999997 264.192 269.312256
Orange 271.36 405.504 284.672 418.815744
Orange 345.088 409.599744 361.472 427.00800000000004
Orange 390.144 199.68 425.984 231.423744
Orange 398.336 172.032 424.96 204.800256
Orange 449.536 284.672256 475.136 310.27200000000005
Orange 449.536 138.24 489.472 171.00825600000002
Orange 450.56 361.472256 487.424 385.023744
Orange 458.752 244.73625599999997 495.616 284.672256
Orange 499.712 280.575744 514.048 318.464256
Orange 510.976 235.52025600000002 538.624 268.287744
Orange 566.272 203.77574399999997 587.776 243.71174399999998
Orange 608.256 373.760256 643.072 413.696256
Orange 625.664 283.647744 656.384 310.27200000000005
Orange 627.712 247.80825599999997 663.552 284.672256
Orange 641.024 503.808 659.456 531.4559999999999
Orange 659.456 340.992 685.056 380.928
Orange 684.032 506.88 700.416 531.4559999999999
Orange 693.248 557.055744 713.728 580.608
