Orange 467.606528 460.961199 475.49952 468.85757700000005
Orange 487.33696 416.54321400000003 499.175424 438.258597
Orange 513.973248 365.215383 539.6224 381.008826
Orange 522.851328 381.008826 547.514368 400.749771
Orange 529.757184 381.996045 551.460864 400.749771
Orange 553.433088 438.258597 574.150656 453.06482100000005
Orange 614.597632 438.258597 637.287424 457.01301
Orange 631.36768 326.720025 647.15264 357.319005
Orange 667.869184 349.422627 691.545088 373.111761
Orange 697.464832 312.90101999999996 717.19424 338.564592
Orange 698.450944 350.409159 717.19424 377.060637
Orange 713.248768 324.745587 732.9792 338.564592
Orange 877.996032 420.491403 892.793856 432.33597000000003
