Orange 21.759744 734.08 49.92 767.36
Orange 42.879744 709.76 74.240256 746.24
Orange 53.120256000000005 755.2 65.91974400000001 786.56
Orange 58.880256 902.4 76.160256 924.8
Orange 81.279744 760.32 86.4 771.2
Orange 116.480256 772.48 133.760256 814.72
Orange 123.519744 886.4 142.719744 903.68
Orange 200.319744 316.16 233.600256 358.4
Orange 210.56025599999998 776.32 233.600256 828.8
Orange 217.599744 515.84 242.55974399999997 552.32
Orange 231.680256 466.56 264.96 510.08
Orange 233.600256 938.88 264.96 972.16
Orange 252.800256 356.48 280.959744 392.96
Orange 268.79999999999995 442.24 296.319744 476.8
Orange 280.959744 833.92 310.400256 870.4
Orange 291.20025599999997 797.44 310.400256 824.96
Orange 291.20025599999997 704.64 321.279744 760.32
Orange 302.079744 457.6 326.4 492.8
Orange 305.28000000000003 819.84 328.32 844.16
Orange 305.28000000000003 251.52 369.920256 314.24
Orange 321.279744 400.0 359.679744 445.44
Orange 326.4 707.84 357.759744 750.08
Orange 347.52 573.44 385.91999999999996 604.8
Orange 378.879744 230.4 420.48 247.68
Orange 380.79974400000003 956.16 401.28 991.36
Orange 394.23974400000003 602.88 431.36025600000005 641.28
Orange 415.359744 970.24 443.52 1008.64
Orange 417.27974399999994 699.52 448.640256 739.2
Orange 474.879744 387.84 520.3199999999999 421.12
Orange 483.84000000000003 557.44 517.119744 588.8
Orange 485.76 767.36 501.12 797.44
Orange 488.96025599999996 571.52 536.319744 615.04
Orange 546.560256 497.92 579.84 542.08
Orange 558.72 311.04 600.96 351.36
Orange 625.280256 828.8 674.559744 867.2
Orange 632.319744 529.28 674.559744 578.56
Orange 662.4000000000001 609.92 689.919744 655.36
Orange 662.4000000000001 334.08 718.08 384.64
Orange 698.88 636.16 714.8797440000001 662.4
Orange 709.119744 277.76 741.12 304.0
Orange 709.119744 300.16 753.2797439999999 363.52
Orange 714.8797440000001 888.32 741.12 912.64
Orange 721.92 778.24 767.360256 830.72
Orange 746.2402559999999 288.0 767.360256 337.28
Orange 758.4000000000001 797.44 767.360256 828.8
