Orange 378.24 288.60965000000004 459.52 352.602822
Orange 10.24 455.63212 69.76 524.105626
Orange 53.76 429.395088 129.28 502.98777199999995
Orange 142.08 187.500714 197.76 243.17436
Orange 170.24 158.70371 231.68 211.81815
Orange 180.48 254.05309200000002 224.0 281.570876
Orange 213.76 417.23637 264.96 480.58993200000003
Orange 593.28 219.49730000000002 613.12 245.734332
Orange 624.0 223.336492 645.12 243.17436
Orange 636.8 209.897788 663.68 234.21522399999998
Orange 696.32 112.628044 746.88 156.14373799999998
Orange 723.84 415.95638399999996 734.72 439.63421
Orange 732.16 152.30378000000002 766.08 186.22072799999998
Orange 734.72 435.79425200000003 759.68 456.912106
Orange 775.68 437.07423800000004 791.68 464.59125600000004
Orange 775.68 415.95638399999996 799.36 435.79425200000003
Orange 779.52 530.50479 817.92 554.822226
Orange 785.92 158.70371 815.36 194.53948800000003
Orange 794.24 484.429124 819.2 516.42571
Orange 795.52 456.912106 817.92 484.429124
Orange 801.92 373.72067599999997 837.76 405.71726200000006
Orange 805.76 341.08448 826.88 366.041526
Orange 807.04 500.4278 829.44 536.264344
Orange 829.44 334.04494 857.6 360.922348
Orange 842.88 362.202334 870.4 399.958474
Orange 857.6 334.04494 890.24 372.44145599999996
Orange 882.56 368.601498 901.12 397.39850199999995
Orange 892.8 344.923672 920.96 380.120606
Orange 894.08 392.279324 920.96 429.395088
Orange 940.8 341.08448 957.44 362.202334
Orange 942.08 357.722766 964.48 384.600174
Orange 944.64 91.51019 977.28 120.30719400000001
Orange 972.16 142.70503399999998 999.68 174.70162
Orange 972.16 49.274482 1008.0 80.631458
Orange 993.28 269.412158 1023.36 302.68872999999996
Orange 995.84 163.822888 1023.36 191.980282
