Orange 657.067008 126.292992 778.24 226.987008
Orange 709.972992 226.987008 795.307008 344.746752
Orange 728.747008 319.14700799999997 882.347008 436.906752
Orange 771.412992 114.346752 848.212992 194.55974399999997
Orange 773.12 182.61350399999998 837.972992 266.240256
Orange 790.187008 211.62700800000002 907.947008 324.26649599999996
Orange 824.32 136.533504 899.412992 238.93324800000002
Orange 878.932992 206.506752 960.852992 319.14700799999997
Orange 899.412992 310.612992 996.692992 390.82675200000006
Orange 902.827008 155.306496 986.452992 209.91974399999998
Orange 936.96 138.24 994.987008 174.08025600000002
Orange 967.68 194.55974399999997 1017.172992 274.773504
