Orange 214.27417 608.0 321.411596 691.2
Orange 39.176808 550.4 123.92758400000001 636.8
Orange 111.13462799999999 510.399488 181.49384 572.000256
Orange 179.89454999999998 547.2 216.672764 600.000512
Orange 207.878374 467.999744 269.441832 531.2
Orange 223.868546 541.599744 298.22496 600.000512
Orange 264.64464399999997 447.200256 327.808074 535.199744
Orange 276.637614 408.000512 350.99402799999996 466.400256
Orange 298.22496 510.399488 374.979968 579.2
Orange 308.619322 576.799744 377.378562 651.200512
Orange 355.791216 610.400256 459.730062 689.599488
Orange 370.18278 415.200256 424.551138 482.400256
Orange 374.979968 473.6 434.944818 535.199744
Orange 403.763096 550.4 470.124424 610.400256
Orange 440.54130999999995 431.200256 498.10756599999996 492.8
Orange 440.54130999999995 610.400256 544.4808380000001 689.599488
Orange 449.33638199999996 476.8 506.902638 536.800256
Orange 486.114596 536.800256 554.874518 603.200512
Orange 512.49913 482.400256 562.0703000000001 536.800256
Orange 518.096304 520.800256 598.848514 588.000256
Orange 533.287172 594.400256 625.233048 663.199744
Orange 572.46398 579.2 644.4218 651.200512
Orange 602.047094 552.800256 656.41477 636.8
