Orange 147.76893 540.116992 163.461375 567.580672
Orange 167.384295 610.738176 190.92334499999998 639.509504
Orange 180.461205 542.733312 190.92334499999998 572.812288
Orange 183.07674 498.26816 205.30764 510.038016
Orange 211.846095 575.427584 234.076995 601.583616
Orange 217.07716499999998 273.328128 239.308065 303.407104
Orange 228.845925 585.889792 244.53837 623.81568
Orange 249.76944 623.81568 265.461885 649.971712
Orange 254.999745 547.963904 274.61511 567.580672
Orange 270.69219 52.312064 287.69202 79.77472
Orange 270.69219 9.15456 298.15416 31.386624
Orange 279.84618 489.1136 302.07708 508.730368
Orange 302.07708 47.080448 336.07674 61.466624
Orange 303.38446500000003 623.81568 325.615365 643.432448
Orange 312.538455 669.58848 322.99983 697.05216
Orange 317.769525 476.036096 330.846435 486.498304
Orange 317.769525 583.274496 339.99966 612.045824
Orange 341.30781 499.575808 357.000255 527.039488
Orange 351.769185 649.971712 371.38455 672.2048
Orange 355.692105 508.730368 384.46146 527.039488
Orange 368.769015 698.359808 389.69253000000003 729.747456
Orange 371.38455 589.81376 388.38438 610.738176
Orange 379.23039 677.435392 400.153905 702.283776
Orange 410.61528 697.05216 438.07725 708.822016
Orange 414.5382 524.424192 448.53862499999997 540.116992
Orange 419.76927 481.266688 457.692615 508.730368
Orange 438.07725 158.242816 457.692615 176.551936
Orange 443.307555 687.8976 465.53845499999994 707.514368
Orange 447.230475 104.623104 470.769525 132.086784
Orange 452.461545 320.408576 495.61519499999997 354.41152
Orange 459.0 707.514368 473.384295 720.592896
Orange 479.92274999999995 500.883456 520.46163 529.654784
Orange 495.61519499999997 428.955648 524.38455 455.110656
Orange 529.61562 397.568 554.4612900000001 423.724032
Orange 543.999915 643.432448 564.9234299999999 672.2048
Orange 545.308065 249.788416 564.9234299999999 273.328128
Orange 545.308065 672.2048 564.9234299999999 691.821568
Orange 550.53837 708.822016 572.76927 720.592896
Orange 564.9234299999999 553.19552 588.461715 575.427584
Orange 564.9234299999999 268.097536 592.384635 292.944896
Orange 567.5382 741.517312 578.00034 751.97952
Orange 581.92326 510.038016 608.07708 546.656256
Orange 587.153565 133.394432 610.6926149999999 158.242816
Orange 588.461715 170.012672 605.461545 190.937088
Orange 597.615705 563.657728 619.84584 596.352
Orange 602.84601 364.873728 621.15399 392.337408
Orange 625.07691 466.881536 651.23073 508.730368
Orange 716.61528 666.973184 737.538795 687.8976
Orange 727.0766550000001 687.8976 753.2304750000001 698.359808
