Orange 546.816 442.491531 630.784 501.9
Orange 286.72 199.735407 333.824 247.87693800000002
Orange 314.368 228.415407 355.328 264.265407
Orange 326.656 359.524593 370.688 412.78693799999996
Orange 346.112 408.68999999999994 394.24 479.365407
Orange 375.808 371.815407 419.84 428.151531
Orange 377.856 212.02693799999997 430.08 251.974593
Orange 386.048 332.893062 413.696 372.84000000000003
Orange 391.168 193.59 427.008 224.318469
Orange 395.264 292.945407 450.56 355.426938
Orange 399.36 212.02693799999997 447.488 243.78000000000003
Orange 406.528 429.17540699999995 446.464 473.22
Orange 410.624 332.893062 450.56 384.106938
Orange 423.936 189.493062 457.728 212.02693799999997
Orange 439.296 325.723062 461.824 368.743062
Orange 447.488 177.201531 479.232 205.881531
Orange 453.632 385.13153100000005 495.616 452.734593
Orange 459.776 207.92999999999998 493.568 232.51306200000002
Orange 470.016 325.723062 515.072 376.936938
Orange 478.208 181.298469 503.808 203.83306199999998
Orange 483.328 433.273062 527.36 515.215407
Orange 499.712 201.784593 526.336 229.44
Orange 514.048 161.836938 535.552 192.565407
Orange 515.072 385.13153100000005 559.104 447.613062
Orange 526.336 243.78000000000003 570.368 285.77540700000003
Orange 535.552 177.201531 550.912 201.784593
Orange 541.696 301.14 611.328 367.718469
Orange 562.176 207.92999999999998 594.944 261.193062
Orange 573.44 353.378469 638.976 448.636938
Orange 579.584 176.17693799999998 613.376 208.954593
Orange 599.04 201.784593 642.048 237.634593
Orange 602.112 265.29 637.952 301.14
Orange 625.664 197.686938 659.456 228.415407
Orange 630.784 248.90153099999998 663.552 297.04306199999996
Orange 647.168 419.956938 717.824 508.04540699999995
Orange 653.312 352.354593 706.56 441.46693799999997
Orange 663.552 195.63846900000001 690.176 229.44
Orange 709.632 327.77153100000004 754.688 389.228469
Orange 749.568 348.256938 845.824 439.418469
Orange 758.784 309.334593 846.848 385.13153100000005
Orange 801.792 424.054593 870.4 500.87540700000005
Orange 811.008 368.743062 885.76 425.078469
Orange 889.856 309.334593 954.368 359.524593
Orange 897.024 419.956938 969.728 491.656938
Orange 905.216 365.67 966.656 415.85999999999996
Orange 958.464 365.67 1018.88 445.564593
Orange 961.536 312.40693799999997 1005.568 367.718469
Orange 994.304 420.98153099999996 1022.976 491.656938
