Orange 302.000128 440.00025600000004 421.999616 550.0001279999999
Orange 0.0 399.99974399999996 133.999616 488.00025600000004
Orange 83.999744 351.99974399999996 165.999616 464.00025600000004
Orange 197.999616 344.00025600000004 280.000512 411.99974399999996
Orange 398.000128 348.0 496.0 440.00025600000004
Orange 428.000256 526.0001279999999 462.000128 550.0001279999999
Orange 432.0 442.00012799999996 469.999616 517.9998720000001
Orange 656.0 442.00012799999996 711.999488 478.00012799999996
Orange 753.999872 356.00025600000004 794.000384 432.0
Orange 801.999872 330.000384 903.999488 409.99987200000004
Orange 910.000128 310.000128 999.999488 370.000128
Orange 944.0 442.00012799999996 1016.000512 517.9998720000001
Orange 947.999744 406.00012799999996 1022.000128 454.00012799999996
Orange 988.000256 269.999616 1022.000128 358.000128
Orange 999.999488 339.99974399999996 1022.000128 411.99974399999996
