Orange 23.04 405.12 105.6 480.0
Orange 43.52 732.159744 95.36 767.360256
Orange 49.28 83.840256 91.52 131.199744
Orange 51.84 51.84 88.96 91.52025599999999
Orange 60.8 325.760256 96.64 366.71999999999997
Orange 144.0 255.999744 178.56 298.239744
Orange 174.72 230.39999999999998 186.88 263.679744
Orange 176.0 218.88 198.4 247.68
Orange 203.52 175.359744 238.08 204.159744
Orange 370.56 1.92 390.4 29.439743999999997
Orange 426.24 311.04 501.12 390.39974400000006
Orange 580.48 0.0 618.88 16.640256
Orange 596.48 318.080256 652.16 366.71999999999997
Orange 688.0 77.439744 742.4 148.479744
Orange 949.76 53.120256000000005 1009.28 115.839744
