Orange 149.999616 506.99972399999996 167.000064 520.00036
Orange 167.000064 464.99992000000003 188.99968 493.999924
Orange 179.00032 452.00012 193.999872 468.000324
Orange 245.999616 616.999768 261.999616 638.999944
Orange 263.999488 614.0002000000001 298.999808 633.999828
Orange 316.000256 407.999768 346.999808 441.000032
Orange 341.000192 389.99985200000003 359.999488 402.999652
Orange 341.000192 565.999588 359.999488 601.0004
Orange 417.000448 389.99985200000003 446.000128 428.00023200000004
Orange 615.999488 551.000076 638.999552 563.00002
Orange 657.999872 348.999904 684.000256 367.999676
