Orange 12.8 461.467392 212.48 626.596953
Orange 588.16 524.190897 755.84 680.3598599999999
Orange 641.92 259.215159 779.52 350.740878
Orange 657.92 357.781056 840.32 526.750776
Orange 728.32 524.190897 897.92 680.3598599999999
Orange 810.88 460.187112 890.88 534.431094
Orange 812.16 311.698467 949.12 420.50456099999997
Orange 903.04 542.7515520000001 1016.96 657.9583650000001
Orange 906.88 266.895477 958.08 335.379561
Orange 940.8 394.262907 1009.28 500.509122
Orange 952.96 259.215159 1023.36 401.943906
Orange 985.6 455.706813 1023.36 601.635579
