Orange 301.628416 215.04000000000002 391.924736 307.20000000000005
Orange 0.0 268.79999999999995 53.793792 399.36
Orange 0.0 393.59999999999997 55.714816 487.68
Orange 0.0 543.36 92.217344 656.64
Orange 3.842048 635.52 149.853184 766.08
Orange 63.399936 370.56 197.883904 458.88
Orange 92.217344 293.76 201.725952 376.32
Orange 99.902464 554.88 230.544384 698.88
Orange 147.93216 670.08 274.732032 766.08
Orange 176.750592 255.36 255.519744 322.56
Orange 205.568 547.2 336.20992 706.5600000000001
Orange 215.174144 414.72 336.20992 543.36
Orange 232.465408 195.84 338.130944 301.44
Orange 293.943296 82.56 393.84576 174.72
Orange 303.54944 635.52 461.087744 752.64
Orange 318.91968 403.20000000000005 409.216 491.52
Orange 324.682752 508.79999999999995 451.482624 635.52
Orange 403.451904 72.96000000000001 489.906176 149.76
Orange 424.585216 351.36 524.48768 458.88
Orange 438.033408 449.28 557.14816 547.2
Orange 464.930816 622.08 599.414784 766.08
Orange 522.566656 61.44 585.966592 128.64000000000001
Orange 539.85792 339.84000000000003 635.917312 424.32
Orange 553.306112 512.64 674.341888 635.52
Orange 578.281472 286.08 662.81472 364.79999999999995
Orange 589.80864 677.76 743.504896 766.08
Orange 593.650688 216.95999999999998 668.577792 289.92
Orange 607.099904 94.08 678.183936 180.48
Orange 653.208576 182.39999999999998 720.45056 264.96
Orange 653.208576 589.4399999999999 797.298688 708.48
Orange 657.050624 382.08 735.819776 478.08000000000004
Orange 676.262912 280.32 758.874112 336.0
Orange 683.947008 51.84 737.7408 117.12
Orange 687.79008 508.79999999999995 781.928448 604.8
Orange 726.213632 170.88 780.007424 234.24
Orange 730.056704 107.52000000000001 797.298688 167.04
Orange 735.819776 78.72 783.849472 124.80000000000001
Orange 762.717184 581.76 874.146816 698.88
Orange 772.322304 385.91999999999996 864.540672 491.52
Orange 780.007424 470.40000000000003 860.6976 581.76
Orange 785.77152 163.2 849.170432 245.76
Orange 841.486336 216.95999999999998 916.412416 301.44
Orange 860.6976 487.68 912.570368 602.88
Orange 902.964224 491.52 952.915968 593.28
Orange 904.885248 418.56000000000006 983.6544 501.12
Orange 924.097536 334.08 1022.078976 420.48
Orange 985.576448 407.04 1022.078976 497.28
