Orange 272.0 419.333982 393.6 512.163414
Orange 0.0 804.096015 56.96 861.714465
Orange 106.88 274.007154 177.28 359.794917
Orange 136.96 508.962096 183.68 582.585378
Orange 138.24 564.659931 195.2 612.675306
Orange 177.28 266.32469399999997 215.04 300.895764
Orange 192.64 305.376906 249.6 361.074741
Orange 272.64 327.784374 341.76 415.492752
Orange 367.36 364.276059 444.16 441.10065899999995
Orange 430.72 645.9656729999999 499.84 757.3613429999999
Orange 464.0 139.56410400000001 512.0 206.14571700000002
Orange 477.44 762.483276 554.24 822.6622530000001
Orange 490.88 427.656354 572.16 540.331848
Orange 508.8 210.626859 579.84 291.932601
Orange 516.48 106.273737 576.64 180.53780999999998
Orange 549.76 0.0 644.48 110.754879
Orange 554.24 777.207405 620.8 836.106558
Orange 597.76 736.87449 672.0 802.8153120000001
Orange 629.76 314.340069 724.48 441.10065899999995
Orange 884.48 757.3613429999999 947.84 830.344713
Orange 919.04 153.008409 977.92 266.32469399999997
Orange 954.88 725.991591 1022.72 813.6990900000001
Orange 991.36 309.858927 1023.36 374.519046
