Orange 0.0 527.360256 128.0 652.8
Orange 0.0 0.639744 576.64 435.84000000000003
Orange 133.12 549.7597440000001 220.8 643.839744
Orange 190.08 429.440256 312.96 556.160256
Orange 202.24 573.440256 276.48 652.8
Orange 320.0 732.159744 379.52 767.360256
Orange 358.4 416.00025600000004 481.28 520.3199999999999
Orange 400.64 312.96 517.12 432.0
Orange 412.16 682.239744 486.4 752.000256
Orange 518.4 343.68 618.88 442.88025600000003
Orange 585.6 0.0 990.72 131.84025599999998
Orange 599.04 87.039744 739.2 218.88
Orange 626.56 356.480256 718.08 435.84000000000003
Orange 755.2 496.640256 808.96 543.36
Orange 776.32 430.719744 828.8 490.23974400000003
Orange 784.0 326.4 856.96 397.43999999999994
Orange 817.28 510.08025599999996 864.64 557.439744
Orange 897.92 309.12 951.04 366.080256
Orange 906.88 356.480256 946.56 392.319744
Orange 908.16 388.479744 956.16 445.43999999999994
