Orange 311.04 519.039744 462.08 663.680256
Orange 110.72 207.999744 224.64 334.08
Orange 129.28 339.20025599999997 264.32 464.64
Orange 206.08 164.480256 309.12 274.56
Orange 217.6 254.720256 352.64 362.88
Orange 244.48 361.599744 396.16 494.079744
Orange 248.32 460.79999999999995 331.52 595.839744
Orange 256.0 63.99974400000001 359.04 176.64000000000001
Orange 315.52 186.879744 398.72 275.840256
Orange 336.64 456.96 426.88 532.479744
Orange 343.68 101.12025600000001 442.88 207.999744
Orange 356.48 267.519744 446.72 365.439744
Orange 404.48 176.64000000000001 526.08 274.56
Orange 404.48 325.760256 538.88 454.400256
Orange 418.56 259.839744 543.36 337.92
Orange 430.72 448.640256 535.04 553.599744
Orange 454.4 99.84 567.04 188.16
Orange 475.52 494.079744 602.88 611.840256
Orange 510.08 262.400256 589.44 346.880256
Orange 519.04 41.600256 625.28 136.959744
Orange 527.36 179.199744 632.96 291.20025599999997
Orange 537.6 369.279744 668.8 485.76
Orange 553.6 132.48 648.96 202.88025599999997
Orange 573.44 323.199744 670.08 413.43974399999996
Orange 585.6 494.079744 668.8 591.999744
Orange 598.4 220.160256 662.4 314.240256
Orange 613.12 77.439744 717.44 186.879744
Orange 638.08 186.879744 702.08 251.52
Orange 642.56 247.68 757.12 350.720256
Orange 673.92 51.84 752.0 123.519744
Orange 680.96 438.39974400000006 792.96 543.999744
Orange 702.08 131.199744 800.0 211.839744
Orange 725.76 192.0 844.8 302.079744
Orange 740.48 325.760256 859.52 449.91974400000004
Orange 784.0 421.11974399999997 852.48 508.160256
Orange 828.8 254.720256 912.0 339.20025599999997
Orange 839.68 319.359744 940.16 424.959744
