Orange 210.56025599999998 519.04 236.79974400000003 550.4
Orange 242.55974399999997 909.44 264.96 933.76
Orange 268.79999999999995 945.92 291.20025599999997 970.24
Orange 291.20025599999997 886.4 322.56 929.92
Orange 336.63974399999995 903.68 364.79999999999995 938.88
Orange 352.640256 403.84 401.28 450.56
Orange 369.920256 473.6 401.28 499.84
Orange 394.23974400000003 414.08 431.36025600000005 452.48
Orange 531.84 481.92 564.48 524.16
Orange 721.92 326.4 758.4000000000001 352.64
Orange 742.400256 347.52 767.360256 408.96
