Orange 10.88087 611.2 356.494138 994.56
Orange 0.0 917.76 150.406256 1023.36
Orange 56.322266 552.32 332.813481 712.96
Orange 197.76757 981.12 418.577159 1022.72
Orange 285.451166 819.84 460.178719 1008.64
Orange 371.214844 620.8 680.987307 902.4
Orange 411.536125 557.44 591.383793 636.16
Orange 464.018555 896.64 727.708982 1022.72
Orange 547.862315 499.84 696.347652 624.0
Orange 576.0234479999999 981.12 822.432611 1023.36
Orange 596.503908 562.56 874.915041 814.72
Orange 633.624992 358.4 663.066404 403.84
Orange 633.624992 363.52 679.067389 430.08
Orange 657.946289 368.64 731.548818 440.32
Orange 663.066404 798.72 1000.360361 1023.36
Orange 710.428719 394.88 769.951182 450.56
Orange 753.950197 414.08 805.152348 457.6
Orange 778.911133 325.12 848.673826 377.6
Orange 785.9511660000001 519.04 999.0800820000001 718.72
Orange 805.152348 405.12 869.794926 466.56
Orange 848.673826 398.08 899.2363379999999 452.48
Orange 853.7939409999999 326.4 904.356453 373.76
Orange 857.633777 247.68 932.517586 314.24
Orange 869.794926 681.6 1000.360361 919.68
Orange 874.915041 366.72 951.717767 403.84
Orange 890.916026 305.92 962.5986369999999 377.6
Orange 890.916026 377.6 1000.360361 510.08
Orange 899.2363379999999 206.08 969.63867 273.92
Orange 963.878916 295.04 1000.360361 377.6
Orange 967.718752 193.92 1000.360361 261.76
