Orange 367.36 176.64000000000001 594.56 386.559744
Orange 491.52 76.160256 567.04 172.160256
Orange 549.76 196.47974399999998 616.96 262.400256
Orange 570.88 318.080256 666.24 389.120256
Orange 577.28 97.28025600000001 642.56 183.03974399999998
Orange 601.6 167.04 812.8 355.20000000000005
Orange 614.4 597.12 752.0 700.160256
Orange 638.08 115.839744 705.92 179.199744
Orange 668.8 524.16 732.16 591.999744
Orange 744.32 543.999744 839.68 584.960256
Orange 744.32 591.999744 879.36 664.3199999999999
