Orange 240.0 65.97843 317.44 142.20568600000001
Orange 0.64 0.0 118.4 76.868232
Orange 4.48 90.319901 92.16 190.88862799999998
Orange 63.36 80.711372 122.24 128.113041
Orange 83.2 372.168727 126.08 419.57107499999995
Orange 197.12 46.761372 256.0 117.86421499999999
Orange 374.4 301.70686 403.2 318.361372
Orange 375.68 265.834611 423.04 293.378925
Orange 458.24 322.204512 500.48 354.232942
Orange 464.64 218.432942 489.6 254.30451200000002
Orange 523.52 293.378925 543.36 325.407355
Orange 657.92 19.217058 690.56 46.761372
Orange 698.24 11.530099 720.64 41.636959
Orange 729.6 94.16304099999999 764.16 137.081273
Orange 761.6 54.448330999999996 787.84 92.881768
