Orange 149.76 492.3914 238.08 582.67432
Orange 42.88 608.9264000000001 100.48 679.35944
Orange 65.28 649.90592 171.52 679.35944
Orange 116.48 585.2352 183.04 637.74004
Orange 155.52 590.9982 235.52 633.89804
Orange 156.8 632.6176 196.48 676.158
Orange 187.52 597.40108 259.2 661.43124
Orange 211.2 553.86068 293.76 601.24308
Orange 231.68 452.693 302.72 531.44992
Orange 238.72 636.4596 340.48 679.35944
Orange 285.44 566.02656 342.4 636.4596
Orange 295.04 500.0754 332.8 555.14112
Orange 297.6 368.81364 364.16 420.03736
Orange 298.88 408.51204 396.16 500.0754
Orange 332.8 577.55188 407.68 661.43124
Orange 332.8 286.21472 431.36 364.97164
Orange 350.08 502.63628 377.6 567.307
Orange 364.16 589.71776 444.16 665.27324
Orange 369.92 498.79496 419.2 581.39388
Orange 372.48 401.4686 400.0 432.20324
Orange 376.32 238.83231999999998 447.36 302.22192
Orange 401.28 145.98852 495.36 220.90412
Orange 401.28 416.19604 497.92 507.75872000000004
Orange 419.2 523.7665999999999 447.36 590.9982
Orange 436.48 510.96016 486.4 577.55188
Orange 444.16 250.99820000000003 515.2 317.58924
Orange 447.36 290.05672 521.6 361.12964
Orange 462.72 423.87936 574.08 523.7665999999999
Orange 480.0 333.59712 568.96 413.63448
Orange 506.24 161.35584 570.24 238.83231999999998
Orange 521.6 240.11276 590.08 333.59712
Orange 533.76 0.0 581.12 94.76480000000001
Orange 550.4 77.47648 651.52 144.70808
Orange 558.72 317.58924 668.8 409.79316
Orange 562.56 30.094079999999998 613.76 94.76480000000001
Orange 572.8 163.9174 718.72 302.22192
Orange 574.08 0.0 647.68 38.41796
Orange 613.76 0.0 688.64 98.60612
Orange 648.96 117.17488 708.48 177.36371999999997
Orange 656.0 250.99820000000003 766.08 346.40288
Orange 664.96 3.8419999999999996 759.04 118.45599999999999
Orange 702.72 106.29012 769.92 177.36371999999997
Orange 706.56 192.73104 797.44 254.8402
Orange 722.56 0.0 778.88 31.37452
Orange 759.04 33.93608 814.72 122.29732
Orange 769.92 108.851 868.48 223.465
Orange 775.04 0.0 869.76 57.62728
Orange 794.88 38.41796 899.84 101.16767999999999
Orange 849.92 94.76480000000001 947.2 197.21292000000003
