Apple 804.571136 544.1825279999999 930.376704 655.359744
Apple 579.291136 292.571136 634.88 352.548864
Apple 593.92 370.10303999999996 634.88 411.06278399999997
Apple 617.325568 392.045568 674.376704 444.708864
Apple 633.416704 336.45696 699.245568 389.120256
Apple 634.88 291.108864 687.543296 317.439744
Apple 636.343296 310.12608 696.32 352.548864
Apple 671.451136 405.21139199999993 715.336704 437.39443200000005
Apple 690.468864 321.82886399999995 740.205568 383.268864
Apple 716.8 424.228608 751.908864 457.87392
Apple 731.428864 359.862528 789.943296 416.914176
Apple 741.668864 446.17113600000005 807.496704 487.13164800000004
Apple 773.851136 386.19417599999997 838.216704 441.782784
Apple 781.165568 343.771392 829.44 383.268864
Apple 804.571136 447.63417599999997 839.68 478.354176
Apple 820.663296 337.92 892.343296 383.268864
Apple 827.976704 367.17696 873.325568 422.765568
Apple 838.216704 431.54304 882.103296 459.33696000000003
