Orange 688.0 819.2 886.4 996.799488
Orange 73.6 515.2 310.4 633.6
Orange 102.4 361.6 318.399488 467.2
Orange 113.599488 198.4 331.200512 315.200512
Orange 113.599488 67.2 337.600512 179.2
Orange 113.599488 777.6 340.799488 972.8
Orange 369.600512 52.799488 521.6 295.999488
Orange 473.6 619.200512 625.599488 792.000512
Orange 585.6 36.799488 705.599488 270.399488
Orange 592.0 347.200512 743.999488 470.4
Orange 678.4 475.200512 841.6 595.2
Orange 716.8 601.6 881.599488 723.2
Orange 753.599488 30.399488 897.599488 268.8
Orange 771.2 320.0 908.8 448.0
