Orange 544.0 128.000256 839.68 354.560256
Orange 281.6 74.240256 428.8 263.679744
Orange 352.0 295.68 704.0 561.920256
Orange 396.8 0.0 564.48 74.240256
Orange 403.2 221.43974400000002 547.84 299.52
Orange 403.2 30.72 622.08 217.599744
Orange 611.84 10.239744 834.56 197.12025599999998
Orange 691.2 320.00025600000004 883.2 542.7202560000001
Orange 743.68 0.0 855.04 46.08
Orange 773.12 42.24 952.32 275.199744
Orange 875.52 0.0 966.4 128.000256
Orange 887.04 394.23974400000003 1022.72 578.559744
Orange 928.0 163.839744 1022.72 357.12
Orange 961.28 108.80025599999999 1018.88 197.12025599999998
Orange 966.4 17.919744 1022.72 128.000256
