Orange 693.12 501.037872 828.16 597.785505
Orange 228.48 458.75061 348.16 545.246413
Orange 370.56 458.75061 505.6 541.4024890000001
Orange 508.16 441.45090300000004 608.0 555.498243
Orange 594.56 512.570327 693.12 591.378282
Orange 627.2 445.29551000000004 737.92 527.9473889999999
Orange 694.4 387.631186 769.28 458.75061
Orange 752.0 421.58926299999996 851.84 512.570327
Orange 828.16 386.349878 894.08 465.157833
Orange 854.4 324.20097599999997 949.12 401.72694
Orange 919.04 500.396535 1019.52 614.443875
Orange 929.28 433.76237199999997 1011.84 504.24114199999997
Orange 956.8 407.493509 1005.44 426.714495
Orange 969.6 356.23640800000004 1023.36 401.72694
