Orange 0.0 12.159744 142.08 294.399744
Orange 0.0 563.840256 225.92 711.039744
Orange 0.0 259.839744 305.28 600.96
Orange 61.44 0.0 335.36 159.35999999999999
Orange 208.64 583.6800000000001 312.96 718.719744
Orange 233.6 430.08000000000004 513.92 711.039744
Orange 241.28 29.439743999999997 494.08 180.48
Orange 410.88 0.0 709.76 112.640256
Orange 503.68 378.879744 844.8 707.840256
Orange 688.64 0.0 982.4 195.20025599999997
Orange 757.76 78.72 1021.44 422.40000000000003
Orange 780.16 402.56025600000004 1023.36 680.319744
Orange 963.84 0.0 1019.52 71.679744
