Orange 256.285505 85.12 277.428453 120.32
Orange 267.177306 41.6 281.27306 62.72
Orange 354.9551 122.24 396.60102500000005 137.6
Orange 377.380039 36.48 387.631186 58.88
Orange 401.72694 48.64 429.918448 72.96
Orange 444.01420199999995 0.0 465.157833 17.28
Orange 460.03191799999996 41.6 486.301464 58.88
Orange 480.534895 1.28 512.570327 20.48
Orange 508.726403 33.28 536.276574 71.04
Orange 524.744119 0.0 551.012982 17.28
Orange 608.677306 135.68 613.803221 146.56
Orange 618.928453 122.24 650.323914 153.6
Orange 624.054368 53.76 638.150122 80.0
Orange 634.946852 0.0 680.4373840000001 22.4
Orange 643.916691 146.56 664.418985 174.72
