Orange 0.0 256.081204 35.84 352.111466
Orange 0.0 122.918796 42.24 177.976126
Orange 0.0 157.48966000000001 46.08 254.800942
Orange 0.0 76.824058 52.48 122.918796
Orange 0.0 475.03026200000005 153.6 668.371806
Orange 0.0 656.847932 218.88 756.719738
Orange 7.68 321.38138799999996 231.68 507.04060200000004
Orange 35.84 175.415602 93.44 247.118612
Orange 40.96 207.425942 157.44 299.61466
Orange 48.64 104.993612 85.76 174.13533999999999
Orange 78.08 108.834398 98.56 153.648874
Orange 93.44 179.25638800000002 166.4 231.75319399999998
Orange 108.8 145.966544 167.68 192.060524
Orange 142.08 125.48007799999999 203.52 195.902068
Orange 149.76 473.75 408.32 692.6990579999999
Orange 161.28 202.304136 267.52 259.92199
Orange 186.88 167.733272 252.16 202.304136
Orange 216.32 297.054136 369.92 443.01992199999995
Orange 254.72 202.304136 312.32 238.155262
Orange 263.68 224.070864 372.48 299.61466
Orange 276.48 610.753194 518.4 756.719738
Orange 341.76 203.58439800000002 394.24 275.28740799999997
Orange 363.52 317.540602 430.08 370.03740799999997
Orange 372.48 263.763534 430.08 317.540602
Orange 400.64 227.912408 462.08 263.763534
Orange 401.92 271.445864 490.24 353.391728
Orange 460.8 258.641728 620.8 394.36466
Orange 531.2 185.658456 656.64 288.091544
Orange 547.84 604.351126 679.68 756.719738
Orange 551.68 413.570864 709.12 623.55733
Orange 608.0 308.57801 774.4 446.861466
Orange 624.64 195.902068 691.2 272.72612599999997
Orange 628.48 234.314476 733.44 288.091544
Orange 687.36 688.858272 753.92 754.158456
Orange 691.2 151.087592 816.64 254.800942
Orange 697.6 432.777068 829.44 615.875
Orange 728.32 668.371806 954.88 756.719738
Orange 729.6 220.230078 875.52 376.439476
Orange 785.92 363.63534 924.16 509.601126
Orange 785.92 537.769922 1007.36 732.391728
Orange 830.72 93.469738 913.92 194.62180600000002
Orange 865.28 194.62180600000002 970.24 280.408456
Orange 875.52 271.445864 962.56 402.04699
Orange 903.68 464.787408 1022.72 632.519922
Orange 922.88 372.597932 1022.72 481.43233
Orange 952.32 267.605078 1015.04 372.597932
Orange 952.32 655.56767 1022.72 756.719738
Orange 958.72 130.601126 1022.72 268.88534
