Orange 645.76 357.759744 753.28 461.43974399999996
Orange 5.12 279.680256 21.12 315.519744
Orange 23.68 287.36025600000005 35.84 321.920256
Orange 44.8 289.92 53.12 325.760256
Orange 44.8 298.239744 63.36 350.720256
Orange 64.64 299.52 83.2 346.880256
Orange 79.36 307.20000000000005 100.48 350.720256
Orange 99.2 325.760256 116.48 369.279744
Orange 131.2 327.03974400000004 162.56 373.760256
Orange 156.16 335.36025600000005 188.16 385.280256
Orange 190.72 339.20025599999997 222.08 385.280256
Orange 206.72 343.040256 246.4 406.400256
Orange 241.92 353.919744 267.52 422.40000000000003
Orange 261.76 361.599744 297.6 424.959744
Orange 293.76 361.599744 341.12 430.08000000000004
Orange 318.72 381.44025600000003 389.12 444.800256
Orange 334.72 504.320256 369.28 545.28
Orange 341.12 464.64 362.24 516.48
Orange 362.24 468.48 400.64 524.16
Orange 365.44 517.760256 400.64 568.959744
Orange 370.56 382.719744 433.92 472.959744
Orange 394.24 327.03974400000004 437.76 385.280256
Orange 400.64 478.08000000000004 461.44 543.999744
Orange 401.92 254.720256 461.44 319.359744
Orange 416.64 199.040256 461.44 247.68
Orange 426.24 543.999744 473.6 613.119744
Orange 430.08 401.28 497.28 485.76
Orange 440.32 325.760256 497.28 389.120256
Orange 444.8 258.560256 517.12 327.03974400000004
Orange 452.48 204.159744 508.16 255.999744
Orange 457.6 504.320256 505.6 573.440256
Orange 465.92 576.0 540.8 648.320256
Orange 481.28 413.43974399999996 572.8 504.320256
Orange 488.32 335.36025600000005 568.96 418.56000000000006
Orange 496.0 266.240256 563.84 329.600256
Orange 508.16 202.88025599999997 571.52 270.080256
Orange 512.0 512.64 576.64 588.800256
Orange 535.68 599.679744 607.36 668.16
Orange 551.68 424.959744 672.0 532.479744
Orange 563.84 267.519744 656.0 343.040256
Orange 567.68 202.88025599999997 632.32 262.400256
Orange 575.36 537.5999999999999 679.68 619.520256
Orange 608.64 616.959744 699.52 712.3199999999999
Orange 627.2 270.080256 726.4 370.56
Orange 634.88 206.720256 710.4 271.359744
Orange 652.16 464.64 771.2 565.119744
Orange 684.16 557.439744 783.36 644.480256
Orange 710.4 186.879744 810.88 279.680256
Orange 739.2 381.44025600000003 841.6 494.079744
Orange 775.04 489.59999999999997 882.56 588.800256
Orange 789.76 587.52 882.56 655.359744
Orange 794.88 200.319744 932.48 319.359744
Orange 825.6 309.759744 942.08 397.43999999999994
Orange 853.12 401.28 948.48 501.75974400000007
Orange 874.24 512.64 977.28 603.519744
