Orange 764.000256 408.00006 840.999936 472.99992000000003
Orange 442.000384 464.000148 494.000128 508.999686
Orange 483.00032 410.00016000000005 533.999616 460.999998
Orange 538.000384 521.0002860000001 590.000128 573.000174
Orange 542.000128 484.99984199999994 586.000384 521.0002860000001
Orange 554.999808 400.000338 595.00032 432.99995399999995
Orange 574.999552 281.999862 622.999552 323.999928
Orange 645.999616 403.99986 707.00032 460.999998
Orange 677.999616 172.999836 725.000192 217.000002
Orange 707.00032 389.999838 771.00032 440.99967599999997
Orange 755.00032 37.999866 810.999808 114.00027600000001
Orange 755.00032 181.00023599999997 823.000064 249.000246
Orange 826.999808 19.000272 897.000448 92.99990400000002
Orange 839.000064 98.00015400000001 885.999616 177.00003600000002
Orange 885.999616 150.000042 956.99968 224.999724
Orange 929.999872 448.000026 984.999936 512.999886
Orange 945.000448 521.0002860000001 997.000192 603.99969
Orange 993.999872 300.000084 1022.999552 354.00007200000005
