Orange 337.92 160.81918 426.24 231.93792100000002
Orange 133.76 303.69799900000004 240.0 438.888287
Orange 192.64 248.596291 332.8 379.942655
Orange 220.16 410.056125 360.32 531.7919959999999
Orange 298.88 213.998243 361.6 248.596291
Orange 352.64 83.933187 439.04 171.070327
Orange 364.16 248.596291 424.96 271.662567
Orange 392.96 47.412493999999995 474.88 119.813226
Orange 401.28 139.034895 483.84 197.33987299999998
Orange 412.8 189.010005 486.4 263.974036
Orange 456.32 99.950903 513.92 169.789019
Orange 460.16 249.878282 502.4 292.805515
Orange 482.56 158.896535 522.88 205.028404
Orange 486.4 182.603465 553.6 248.596291
Orange 506.24 240.26710599999998 586.24 312.667838
Orange 522.88 126.220449 577.28 174.914934
Orange 542.72 133.90898 616.32 213.998243
Orange 557.44 350.469839 730.24 458.75061
Orange 561.28 454.265349 716.16 596.503514
Orange 572.8 288.961591 648.96 346.62591499999996
Orange 588.8 197.33987299999998 651.52 269.099268
Orange 604.8 78.807955 680.32 143.519473
Orange 624.0 224.89004400000002 711.04 307.541923
Orange 633.6 147.36408 731.52 208.87232799999998
Orange 643.84 292.805515 731.52 363.924939
Orange 711.04 426.714495 805.12 571.515959
Orange 723.84 137.753587 810.24 201.183797
Orange 739.84 292.805515 821.12 374.17608600000005
Orange 746.24 198.62118099999998 836.48 277.428453
Orange 763.52 351.75114700000006 814.72 395.31971699999997
Orange 793.6 133.90898 892.16 233.86056599999998
Orange 822.4 287.680283 860.16 347.907223
Orange 837.76 217.842167 896.0 283.835676
Orange 887.68 192.854612 919.68 226.17135199999998
