Orange 44.000256 381.376446 157.599744 460.53004799999997
Orange 0.0 367.784186 58.399744 450.935672
Orange 0.0 453.334266 64.0 537.2850559999999
Orange 39.999488 461.32935200000003 210.400256 530.0892739999999
Orange 125.599744 216.672764 182.4 256.649558
Orange 135.199744 346.19683999999995 202.399744 390.970822
Orange 173.599744 231.86431399999998 226.400256 251.05306600000003
Orange 177.600512 197.484012 198.4 224.668532
Orange 185.6 401.364502 277.600256 474.121626
Orange 186.399744 299.82425 242.400256 362.18769399999996
Orange 189.599744 203.88049 242.400256 235.861516
Orange 206.399488 442.939904 344.000512 524.4921
Orange 214.4 177.495956 252.8 211.875576
Orange 216.800256 347.79613 297.6 429.348326
Orange 242.400256 215.87346 293.600256 243.057298
Orange 244.800512 311.81722 305.600512 354.191926
Orange 265.6 179.89454999999998 301.599744 213.474866
Orange 285.599744 183.892434 325.600256 223.868546
Orange 300.000256 367.784186 372.799488 441.341296
Orange 321.600512 220.670648 383.200256 243.057298
Orange 323.999744 394.968024 427.200512 486.114596
Orange 328.800256 195.885404 367.200256 215.87346
Orange 336.799744 181.49384 391.199744 207.878374
Orange 395.200512 347.79613 474.399744 422.95184800000004
Orange 549.600256 211.875576 565.600256 235.861516
Orange 553.6 236.661502 561.599488 252.65167399999999
Orange 578.400256 239.85940000000002 606.400512 264.64464399999997
Orange 606.400512 236.661502 642.400256 267.043238
Orange 644.799488 247.055182 672.0 267.043238
Orange 673.599488 240.658704 696.000512 256.649558
Orange 732.8 216.672764 771.2 240.658704
Orange 779.200512 213.474866 807.199744 251.05306600000003
Orange 851.999744 231.86431399999998 878.400512 260.647442
Orange 907.200512 223.868546 955.200512 252.65167399999999
