2 0.106538 0.447699 0.091538 0.353556
2 0.193077 0.445084 0.084615 0.344142
2 0.303077 0.456067 0.081538 0.366109
2 0.420000 0.433054 0.075385 0.303347
2 0.495000 0.444561 0.077692 0.322176
2 0.599615 0.430962 0.074615 0.301255
2 0.680385 0.430962 0.083846 0.301255
2 0.788462 0.425732 0.066154 0.269874
2 0.904615 0.443515 0.064615 0.309623
2 0.971538 0.467573 0.056923 0.269874
2 0.928077 0.792364 0.091538 0.235356
2 0.666923 0.797594 0.070769 0.222803
2 0.588077 0.801778 0.076154 0.214435
2 0.158462 0.820084 0.101538 0.179916
2 0.257692 0.812238 0.109231 0.189331
