1 0.3084529934640523 0.47296875 0.15313800000000002 0.11812499999999998
1 0.38784661437908496 0.5763671875 0.14644400000000005 0.11624999999999996
1 0.4050538039215687 0.3691796875 0.15146399999999996 0.13124999999999998
1 0.5075066470588235 0.6828515625 0.18995799999999996 0.12812500000000004
1 0.5185983725490196 0.45984375 0.15815900000000005 0.11750000000000005
1 0.5632128039215687 0.5803515625 0.15062799999999998 0.12812500000000004
1 0.5647824248366013 0.318046875 0.14477 0.12124999999999997
1 0.651708045751634 0.4000390625 0.13974899999999998 0.11312500000000003
1 0.7222028366013071 0.515078125 0.1933060000000001 0.13062500000000005
1 0.7573001307189543 0.65796875 0.16987500000000003 0.14875000000000005
