1 0.14203125 0.3614065833333333 0.04000000000000001 0.05166599999999999
1 0.1616796875 0.40546841666666666 0.037500000000000006 0.04583400000000001
1 0.1789453125 0.3638024166666667 0.026874999999999982 0.04666599999999995
1 0.1903515625 0.45947883333333334 0.035 0.05750000000000003
1 0.2061328125 0.408958 0.04249999999999998 0.03250000000000005
1 0.2001171875 0.3803125 0.021875000000000006 0.017499999999999998
1 0.2097265625 0.3396354166666667 0.03375 0.044999999999999964
1 0.2166015625 0.5394270833333333 0.03437499999999999 0.035833000000000004
1 0.219375 0.3915104166666667 0.031875000000000014 0.01500000000000005
1 0.2157421875 0.4937500000000001 0.023125000000000007 0.06499999999999995
1 0.228671875 0.34963541666666664 0.027499999999999997 0.04666700000000005
1 0.2426171875 0.42869825 0.05312499999999998 0.04083300000000004
1 0.2455859375 0.5589065833333332 0.046249999999999986 0.051666000000000135
1 0.24375 0.30619825 0.03125000000000003 0.03916599999999996
1 0.2601953125 0.6211975833333333 0.05812499999999998 0.080834
1 0.2624609375 0.50765625 0.04625000000000001 0.07250000000000008
1 0.2641015625 0.3292705 0.034999999999999976 0.04749999999999995
1 0.2833203125 0.5407295 0.05687500000000001 0.079166
1 0.2779296875 0.3909375 0.03874999999999995 0.04833299999999996
1 0.294609375 0.43197883333333337 0.044375 0.059167000000000046
1 0.3012109375 0.6674479166666666 0.04625000000000001 0.062499999999999924
1 0.29671875 0.46619825 0.024375000000000036 0.04166600000000006
1 0.306328125 0.31921875 0.036250000000000004 0.025832999999999995
1 0.3085546875 0.5689583333333333 0.03875000000000001 0.07416700000000002
1 0.3124609375 0.33385383333333335 0.04562500000000003 0.027500000000000007
1 0.307421875 0.2866663333333333 0.02749999999999997 0.04166700000000001
1 0.3259765625 0.7152604166666666 0.065 0.07750000000000012
1 0.3232421875 0.3764065833333334 0.05375000000000002 0.05166599999999999
1 0.318203125 0.5048961666666667 0.036250000000000004 0.03750000000000001
1 0.3280859375 0.7847395833333334 0.04625000000000001 0.051666999999999984
1 0.3336328125 0.45098924999999995 0.041874999999999996 0.07083400000000006
1 0.3453515625 0.6160416666666667 0.06625000000000003 0.053333
1 0.3376953125 0.2955725833333333 0.02562500000000001 0.05000000000000001
1 0.3588671875 0.5539583333333332 0.05312499999999998 0.0741670000000001
1 0.357109375 0.32536425 0.04375000000000001 0.04083399999999996
1 0.3559765625 0.41026008333333336 0.03500000000000003 0.035834
1 0.3676953125 0.6672913333333333 0.05812500000000004 0.07416699999999994
1 0.3796875 0.8342190833333333 0.08000000000000002 0.06666600000000011
1 0.3687890625 0.47921908333333335 0.05062500000000003 0.06583299999999996
1 0.37015625 0.7421871666666666 0.03999999999999998 0.06916700000000005
1 0.368515625 0.2985940833333333 0.020625000000000004 0.035833000000000004
1 0.391484375 0.38890658333333333 0.043125000000000024 0.050000000000000044
1 0.4093359375 0.5999996666666666 0.07749999999999996 0.08333400000000002
1 0.3929296875 0.33557258333333334 0.03875000000000001 0.05166699999999994
1 0.403515625 0.7635934166666667 0.05125000000000002 0.07583399999999996
1 0.399296875 0.3440621666666666 0.028749999999999998 0.036667000000000005
1 0.4076953125 0.30838575 0.02562500000000001 0.024165999999999983
1 0.428203125 0.5124996666666667 0.06812499999999999 0.08416700000000003
1 0.422890625 0.43364583333333334 0.05124999999999996 0.05750000000000003
1 0.4248046875 0.71453125 0.03875000000000001 0.03916699999999995
1 0.44125 0.5715621666666667 0.0625 0.036667000000000005
1 0.4276171875 0.8185940833333333 0.023125000000000007 0.03583300000000008
1 0.4423828125 0.3440621666666666 0.04249999999999998 0.036667000000000005
1 0.44765625 0.3891149166666667 0.040000000000000036 0.061666
1 0.446171875 0.31171875 0.02812500000000001 0.025832999999999995
1 0.466953125 0.7635934166666667 0.06812499999999994 0.07749999999999997
1 0.461640625 0.6364583333333332 0.05124999999999996 0.0741670000000001
1 0.459375 0.70651075 0.03250000000000003 0.055000000000000014
1 0.4837890625 0.487917 0.05062500000000003 0.06250000000000007
1 0.4816796875 0.36067674999999993 0.03874999999999995 0.05666699999999999
1 0.481796875 0.315625 0.02749999999999997 0.03333300000000002
1 0.48296875 0.40171908333333334 0.02437499999999998 0.06583299999999996
1 0.4984375 0.5360934166666667 0.04749999999999999 0.07750000000000005
1 0.4987109375 0.43197883333333337 0.04624999999999996 0.059167000000000046
1 0.5194531250000001 0.7507809166666667 0.06749999999999995 0.06166700000000006
1 0.5063671875 0.33203125 0.021874999999999978 0.03916700000000003
1 0.5293749999999999 0.5973955 0.06312500000000004 0.07916699999999999
1 0.5237890625 0.5355208333333333 0.05062500000000003 0.02750000000000008
1 0.5236328125 0.67567675 0.04125000000000001 0.055000000000000014
1 0.523515625 0.3554684166666666 0.020625000000000004 0.045833999999999965
1 0.5410546875 0.30453125 0.03750000000000009 0.040832999999999973
1 0.5430078125 0.47104166666666664 0.04249999999999998 0.053333
1 0.5472265625 0.3394270833333333 0.03437499999999993 0.034999999999999996
1 0.5530859375 0.38109408333333333 0.04500000000000004 0.03583300000000008
1 0.558515625 0.42234375 0.05125000000000002 0.055000000000000014
1 0.56796875 0.5307291666666666 0.055624999999999925 0.03750000000000009
1 0.5721484375 0.71432325 0.06187500000000001 0.07250000000000008
1 0.5633984375 0.65317675 0.030625000000000013 0.05666700000000002
1 0.5817578125 0.5897913333333333 0.04125000000000001 0.07416699999999994
1 0.5886328125 0.3704684166666667 0.04249999999999998 0.046667000000000014
1 0.6028125 0.4775520833333333 0.04812499999999997 0.06749999999999996
1 0.6030859375 0.4091663333333333 0.04562500000000003 0.04250000000000006
1 0.616796875 0.6622913333333332 0.059374999999999956 0.07416699999999994
1 0.6130078125 0.3588024166666666 0.04125000000000001 0.04666600000000002
1 0.612578125 0.4350003333333334 0.036250000000000004 0.04249999999999998
1 0.6364453125 0.600417 0.05687500000000001 0.06333300000000001
1 0.6426953125 0.54375 0.05812499999999998 0.06333300000000008
1 0.6506640625 0.5022395833333333 0.050000000000000044 0.05166700000000005
1 0.6537109375 0.4738024166666666 0.04500000000000004 0.04666600000000002
1 0.6476953125 0.444792 0.02562500000000001 0.03333300000000006
1 0.6633203125 0.6726562499999998 0.05687500000000001 0.070833
1 0.656875 0.4165621666666666 0.03249999999999997 0.03833400000000009
1 0.6755859375 0.5821354166666667 0.04625000000000001 0.04666699999999994
1 0.6766796875 0.4561982500000001 0.03875000000000006 0.03916599999999996
1 0.6941015625 0.62619825 0.06500000000000006 0.04166600000000006
1 0.693828125 0.48625 0.036250000000000004 0.06416700000000009
1 0.7233984375 0.54182325 0.06187500000000001 0.07250000000000001
1 0.7194921875 0.4820312500000001 0.023125000000000062 0.040832999999999973
1 0.724921875 0.4457815833333334 0.028124999999999956 0.018332999999999933
1 0.7396875 0.59515625 0.046875 0.07249999999999994
1 0.7659375 0.48531283333333336 0.04749999999999999 0.05750000000000003
1 0.7716015625 0.5902086666666667 0.03500000000000003 0.053333
1 0.7968359375 0.5369788333333334 0.045624999999999916 0.05749999999999996
